Time	Pos.x	Pos.y	Pos.z	Vel.x	Vel.y	Vel.z	gripper	raven.x	raven.y	raven.z		raven.qx	raven.qy	raven.qz	raven.qw	ravenGripper
120.008	0.0716452	-0.0477189	-0.0402557	-1.07613e-005	-3.61363e-005	2.42231e-005	0.149074	0.455183	0.77984		706.697	-0.077969	0.02343	0.013408	0.0953841	0.736098	0.667798	0.0557424	-0.171
120.009	0.0716452	-0.0477189	-0.0402557	-1.07613e-005	-3.61363e-005	2.42231e-005	0.149074	0.455183	0.77984		706.697	-0.077969	0.02343	0.013408	0.0953843	0.736098	0.667798	0.0557399	-0.171
120.01	0.0716452	-0.0477189	-0.0402557	-1.0377e-005	-3.48457e-005	2.3358e-005	0.149074	0.455183	0.77984		0.353349	-0.077969	0.02343	0.013408	0.0953847	0.736098	0.667798	0.0557419	-0.171
120.015	0.0716452	-0.0477189	-0.0402557	-1.07613e-005	-3.61363e-005	2.42231e-005	0.149074	0.455183	0.77984		0.353349	-0.077969	0.02343	0.013408	0.0953825	0.736098	0.667798	0.0557416	-0.171
120.016	0.0716452	-0.0477189	-0.0402557	0	0	0	0.149074	0.455183	0.77984		0.353349	-0.077969	0.02343	0.013408	0.0953834	0.736098	0.667798	0.055743	-0.171
120.017	0.0716452	-0.0477189	-0.0402557	0	0	0	0.149074	0.455183	0.77984		706.697	-0.077969	0.02343	0.013408	0.0953834	0.736098	0.667798	0.055743	-0.171
120.018	0.0716455	-0.0477181	-0.0402562	1.08956e-005	3.65882e-005	-2.45259e-005	0.149074	0.455183	0.77984		706.697	-0.077969	0.02343	0.013408	0.0953847	0.736098	0.667798	0.0557419	-0.171
120.019	0.0716455	-0.0477181	-0.0402562	1.07611e-005	3.61364e-005	-2.42231e-005	0.149074	0.455183	0.77984		0.353349	-0.077969	0.02343	0.013408	0.0953841	0.736098	0.667798	0.0557424	-0.171
120.02	0.0716455	-0.0477181	-0.0402562	1.07611e-005	3.61364e-005	-2.42231e-005	0.149074	0.455183	0.77984		706.697	-0.077969	0.02343	0.013408	0.0953841	0.736098	0.667798	0.0557424	-0.171
120.021	0.0716455	-0.0477181	-0.0402562	1.01355e-005	3.40355e-005	-2.28148e-005	0.149074	0.455183	0.77984		706.697	-0.077969	0.02343	0.013408	0.0953818	0.736098	0.667798	0.0557422	-0.171
120.022	0.0716455	-0.0477181	-0.0402562	1.05018e-005	3.52657e-005	-2.36394e-005	0.149074	0.455183	0.77984		0.353349	-0.077969	0.02343	0.013408	0.0953834	0.736098	0.667798	0.055743	-0.171
120.026	0.0716455	-0.0477181	-0.0402562	1.07611e-005	3.61364e-005	-2.42231e-005	0.149074	0.455183	0.77984		0.353349	-0.077969	0.02343	0.013408	0.0953837	0.736098	0.667798	0.0557405	-0.171
120.028	0.0716455	-0.0477181	-0.0402562	1.07611e-005	3.61364e-005	-2.42231e-005	0.149074	0.455183	0.77984		0.353349	-0.077969	0.02343	0.013408	0.0953847	0.736098	0.667798	0.0557419	-0.171
120.029	0.0716455	-0.0477181	-0.0402562	1.07611e-005	3.61364e-005	-2.42231e-005	0.149074	0.455183	0.77984		706.697	-0.077969	0.02343	0.013408	0.0953847	0.736098	0.667798	0.0557419	-0.171
120.03	0.0716455	-0.0477181	-0.0402562	1.07611e-005	3.61364e-005	-2.42231e-005	0.149074	0.455183	0.77984		706.697	-0.077969	0.02343	0.013408	0.0953818	0.736098	0.667798	0.0557422	-0.171
120.031	0.0716455	-0.0477181	-0.0402562	1.07611e-005	3.61364e-005	-2.42231e-005	0.149074	0.455183	0.77984		0.353349	-0.077969	0.02343	0.013408	0.0953841	0.736098	0.667798	0.0557424	-0.171
120.032	0.0716455	-0.0477181	-0.0402562	1.07611e-005	3.61364e-005	-2.42231e-005	0.149074	0.455183	0.77984		706.697	-0.077969	0.02343	0.013408	0.0953841	0.736098	0.667798	0.0557424	-0.171
120.033	0.0716455	-0.0477181	-0.0402562	1.03768e-005	3.48459e-005	-2.3358e-005	0.149074	0.455183	0.77984		706.697	-0.077969	0.02343	0.013408	0.0953837	0.736098	0.667798	0.0557405	-0.171
120.034	0.0716455	-0.0477181	-0.0402562	1.07611e-005	3.61364e-005	-2.42231e-005	0.149074	0.455183	0.77984		0.353349	-0.077969	0.02343	0.013408	0.0953847	0.736098	0.667798	0.0557419	-0.171
120.035	0.0716455	-0.0477181	-0.0402562	1.07611e-005	3.61364e-005	-2.42231e-005	0.149074	0.455183	0.77984		706.697	-0.077969	0.02343	0.013408	0.0953847	0.736098	0.667798	0.0557419	-0.171
120.036	0.0716455	-0.0477181	-0.0402562	1.07611e-005	3.61364e-005	-2.42231e-005	0.149074	0.455183	0.77984		0.353349	-0.077969	0.02343	0.013408	0.0953841	0.736098	0.667798	0.0557424	-0.171
120.039	0.0716455	-0.0477181	-0.0402562	0	0	0	0.149074	0.455183	0.77984		0.353349	-0.077969	0.02343	0.013408	0.0953818	0.736098	0.667798	0.0557422	-0.171
120.041	0.0716455	-0.0477181	-0.0402562	0	0	0	0.149074	0.455183	0.77984		0.353349	-0.077969	0.02343	0.013408	0.0953841	0.736098	0.667798	0.0557424	-0.171
120.042	0.0716455	-0.0477181	-0.0402562	-1.07613e-005	-3.61363e-005	2.42231e-005	0.149074	0.455183	0.77984		0.353349	-0.077969	0.02343	0.013408	0.0953841	0.736098	0.667798	0.0557424	-0.171
120.043	0.0716452	-0.0477189	-0.0402557	-1.07613e-005	-3.61363e-005	2.42231e-005	0.149074	0.455183	0.77984		706.697	-0.077969	0.02343	0.013408	0.0953847	0.736098	0.667798	0.0557419	-0.171
120.044	0.0716452	-0.0477189	-0.0402557	-1.0377e-005	-3.48457e-005	2.3358e-005	0.149074	0.455183	0.77984		0.353349	-0.077969	0.02343	0.013408	0.0953825	0.736098	0.667798	0.0557416	-0.171
120.045	0.0716452	-0.0477189	-0.0402557	-1.06301e-005	-3.56956e-005	2.39277e-005	0.149074	0.455183	0.77984		0.353349	-0.077969	0.02343	0.013408	0.0953825	0.736098	0.667798	0.0557416	-0.171
120.046	0.0716452	-0.0477189	-0.0402557	-1.06301e-005	-3.56956e-005	2.39277e-005	0.149074	0.455183	0.77984		706.697	-0.077969	0.02343	0.013408	0.0953834	0.736098	0.667798	0.055743	-0.171
120.047	0.0716452	-0.0477189	-0.0402557	-1.06301e-005	-3.56956e-005	2.39277e-005	0.149074	0.455183	0.77984		0.353349	-0.077969	0.02343	0.013408	0.0953841	0.736098	0.667798	0.0557424	-0.171
120.048	0.0716452	-0.0477189	-0.0402557	-1.07613e-005	-3.61363e-005	2.42231e-005	0.149074	0.455183	0.77984		0.353349	-0.077969	0.02343	0.013408	0.0953841	0.736098	0.667798	0.0557424	-0.171
120.052	0.0716452	-0.0477189	-0.0402557	-1.07613e-005	-3.61363e-005	2.42231e-005	0.149074	0.455183	0.77984		706.697	-0.077969	0.02343	0.013408	0.0953843	0.736098	0.667798	0.0557399	-0.171
120.053	0.0716452	-0.0477189	-0.0402557	-1.07613e-005	-3.61363e-005	2.42231e-005	0.149074	0.455183	0.77984		0.353349	-0.077969	0.02343	0.013408	0.0953847	0.736098	0.667798	0.0557419	-0.171
120.055	0.0716452	-0.0477189	-0.0402557	-1.07613e-005	-3.61363e-005	2.42231e-005	0.149074	0.455183	0.77984		706.697	-0.077969	0.02343	0.013408	0.0953825	0.736098	0.667798	0.0557416	-0.171
120.056	0.0716452	-0.0477189	-0.0402557	-1.07613e-005	-3.61363e-005	2.42231e-005	0.149074	0.455183	0.77984		0.353349	-0.077969	0.02343	0.013408	0.0953837	0.736098	0.667798	0.0557405	-0.171
120.057	0.0716452	-0.0477189	-0.0402557	-1.07613e-005	-3.61363e-005	2.42231e-005	0.149074	0.455183	0.77984		706.697	-0.077969	0.02343	0.013408	0.0953837	0.736098	0.667798	0.0557405	-0.171
120.058	0.0716452	-0.0477189	-0.0402557	-1.08958e-005	-3.6588e-005	2.45259e-005	0.149074	0.455183	0.77984		706.697	-0.077969	0.02343	0.013408	0.0953847	0.736098	0.667798	0.0557419	-0.171
120.059	0.0716452	-0.0477189	-0.0402557	-1.07613e-005	-3.61363e-005	2.42231e-005	0.149074	0.455183	0.77984		0.353349	-0.077969	0.02343	0.013408	0.0953841	0.736098	0.667798	0.0557424	-0.171
120.06	0.0716452	-0.0477189	-0.0402557	-1.07613e-005	-3.61363e-005	2.42231e-005	0.149074	0.455183	0.77984		706.697	-0.077969	0.02343	0.013408	0.0953841	0.736098	0.667798	0.0557424	-0.171
120.061	0.0716452	-0.0477189	-0.0402557	-1.08958e-005	-3.6588e-005	2.45259e-005	0.149074	0.455183	0.77984		706.697	-0.077969	0.02343	0.013408	0.0953818	0.736098	0.667798	0.0557422	-0.171
120.062	0.0716455	-0.0477181	-0.0402562	0	0	0	0.149074	0.455183	0.77984		0.353349	-0.077969	0.02343	0.013408	0.0953834	0.736098	0.667798	0.055743	-0.171
120.066	0.0716455	-0.0477181	-0.0402562	1.08956e-005	3.65882e-005	-2.45259e-005	0.149074	0.455183	0.77984		0.353349	-0.077969	0.02343	0.013408	0.0953837	0.736098	0.667798	0.0557405	-0.171
120.068	0.0716455	-0.0477181	-0.0402562	1.06299e-005	3.56958e-005	-2.39277e-005	0.149074	0.455183	0.77984		0.353349	-0.077969	0.02343	0.013408	0.0953843	0.736098	0.667798	0.0557399	-0.171
120.069	0.0716455	-0.0477181	-0.0402562	1.06299e-005	3.56958e-005	-2.39277e-005	0.149074	0.455183	0.77984		706.697	-0.077969	0.02343	0.013408	0.0953843	0.736098	0.667798	0.0557399	-0.171
120.07	0.0716455	-0.0477181	-0.0402562	1.06299e-005	3.56958e-005	-2.39277e-005	0.149074	0.455183	0.77984		706.697	-0.077969	0.02343	0.013408	0.0953818	0.736098	0.667798	0.0557422	-0.171
120.071	0.0716455	-0.0477181	-0.0402562	1.02547e-005	3.44359e-005	-2.30832e-005	0.149074	0.455183	0.77984		0.353349	-0.077969	0.02343	0.013408	0.0953841	0.736098	0.667798	0.0557424	-0.171
120.072	0.0716455	-0.0477181	-0.0402562	1.02547e-005	3.44359e-005	-2.30832e-005	0.149074	0.455183	0.77984		706.697	-0.077969	0.02343	0.013408	0.0953841	0.736098	0.667798	0.0557424	-0.171
120.073	0.0716455	-0.0477181	-0.0402562	1.07611e-005	3.61364e-005	-2.42231e-005	0.149074	0.455183	0.77984		706.697	-0.077969	0.02343	0.013408	0.0953837	0.736098	0.667798	0.0557405	-0.171
120.074	0.0716455	-0.0477181	-0.0402562	1.07611e-005	3.61364e-005	-2.42231e-005	0.149074	0.455183	0.77984		0.353349	-0.077969	0.02343	0.013408	0.0953847	0.736098	0.667798	0.0557419	-0.171
120.075	0.0716455	-0.0477181	-0.0402562	1.07611e-005	3.61364e-005	-2.42231e-005	0.149074	0.455183	0.77984		706.697	-0.077969	0.02343	0.013408	0.0953847	0.736098	0.667798	0.0557419	-0.171
120.076	0.0716455	-0.0477181	-0.0402562	1.08956e-005	3.65882e-005	-2.45259e-005	0.149074	0.455183	0.77984		706.697	-0.077969	0.02343	0.013408	0.0953841	0.736098	0.667798	0.0557424	-0.171
120.078	0.0716455	-0.0477181	-0.0402562	1.06299e-005	3.56958e-005	-2.39277e-005	0.149074	0.455183	0.77984		706.697	-0.077969	0.02343	0.013408	0.0953818	0.736098	0.667798	0.0557422	-0.171
120.081	0.0716455	-0.0477181	-0.0402562	1.07611e-005	3.61364e-005	-2.42231e-005	0.149074	0.455183	0.77984		0.353349	-0.077969	0.02343	0.013408	0.0953834	0.736098	0.667798	0.055743	-0.171
120.083	0.0716455	-0.0477181	-0.0402562	1.06299e-005	3.56958e-005	-2.39277e-005	0.149074	0.455183	0.77984		0.353349	-0.077969	0.02343	0.013408	0.0953837	0.736098	0.667798	0.0557405	-0.171
120.084	0.0716455	-0.0477181	-0.0402562	0	0	0	0.149074	0.455183	0.77984		0.353349	-0.077969	0.02343	0.013408	0.0953837	0.736098	0.667798	0.0557405	-0.171
120.085	0.0716455	-0.0477181	-0.0402562	0	0	0	0.149074	0.455183	0.77984		706.697	-0.077969	0.02343	0.013408	0.0953841	0.736098	0.667798	0.0557424	-0.171
120.086	0.0716455	-0.0477181	-0.0402562	0	0	0	0.149074	0.455183	0.77984		0.353349	-0.077969	0.02343	0.013408	0.0953818	0.736098	0.667798	0.0557422	-0.171
120.087	0.0716455	-0.0477181	-0.0402562	0	0	0	0.149074	0.455183	0.77984		0.353349	-0.077969	0.02343	0.013408	0.0953818	0.736098	0.667798	0.0557422	-0.171
120.088	0.0716455	-0.0477181	-0.0402562	0	0	0	0.149074	0.455183	0.77984		706.697	-0.077969	0.02343	0.013408	0.0953841	0.736098	0.667798	0.0557424	-0.171
120.089	0.0716452	-0.0477189	-0.0402557	-1.07613e-005	-3.61363e-005	2.42231e-005	0.149074	0.455183	0.77984		0.353349	-0.077969	0.02343	0.013408	0.0953837	0.736098	0.667798	0.0557405	-0.171
120.092	0.0716452	-0.0477189	-0.0402557	-1.07613e-005	-3.61363e-005	2.42231e-005	0.149074	0.455183	0.77984		0.353349	-0.077969	0.02343	0.013408	0.0953847	0.736098	0.667798	0.0557419	-0.171
120.095	0.0716452	-0.0477189	-0.0402557	-1.06301e-005	-3.56956e-005	2.39277e-005	0.149074	0.455183	0.77984		0.353349	-0.077969	0.02343	0.013408	0.0953825	0.736098	0.667798	0.0557416	-0.171
120.096	0.0716452	-0.0477189	-0.0402557	-1.07613e-005	-3.61363e-005	2.42231e-005	0.149074	0.455183	0.77984		0.353349	-0.077969	0.02343	0.013408	0.0953825	0.736098	0.667798	0.0557416	-0.171
120.097	0.0716452	-0.0477189	-0.0402557	-1.07613e-005	-3.61363e-005	2.42231e-005	0.149074	0.455183	0.77984		706.697	-0.077969	0.02343	0.013408	0.0953837	0.736098	0.667798	0.0557405	-0.171
120.098	0.0716452	-0.0477189	-0.0402557	-1.08958e-005	-3.6588e-005	2.45259e-005	0.149074	0.455183	0.77984		0.353349	-0.077969	0.02343	0.013408	0.0953843	0.736098	0.667798	0.0557399	-0.171
120.099	0.0716452	-0.0477189	-0.0402557	-1.07613e-005	-3.61363e-005	2.42231e-005	0.149074	0.455183	0.77984		0.353349	-0.077969	0.02343	0.013408	0.0953843	0.736098	0.667798	0.0557399	-0.171
120.1	0.0716452	-0.0477189	-0.0402557	-1.07613e-005	-3.61363e-005	2.42231e-005	0.149074	0.455183	0.77984		706.697	-0.077969	0.02343	0.013408	0.0953841	0.736098	0.667798	0.0557424	-0.171
120.101	0.0716452	-0.0477189	-0.0402557	-1.07613e-005	-3.61363e-005	2.42231e-005	0.149074	0.455183	0.77984		0.353349	-0.077969	0.02343	0.013408	0.0953825	0.736098	0.667798	0.0557416	-0.171
120.102	0.0716452	-0.0477189	-0.0402557	-1.07613e-005	-3.61363e-005	2.42231e-005	0.149074	0.455183	0.77984		0.353349	-0.077969	0.02343	0.013408	0.0953825	0.736098	0.667798	0.0557416	-0.171
120.103	0.0716452	-0.0477189	-0.0402557	-1.0502e-005	-3.52655e-005	2.36394e-005	0.149074	0.455183	0.77984		0.353349	-0.077969	0.02343	0.013408	0.0953834	0.736098	0.667798	0.055743	-0.171
120.106	0.0716452	-0.0477189	-0.0402557	-1.06301e-005	-3.56956e-005	2.39277e-005	0.149074	0.455183	0.77984		0.353349	-0.077969	0.02343	0.013408	0.0953843	0.736098	0.667798	0.0557399	-0.171
120.108	0.0716452	-0.0477189	-0.0402557	0	0	0	0.149074	0.455183	0.77984		0.353349	-0.077969	0.02343	0.013408	0.0953847	0.736098	0.667798	0.0557419	-0.171
120.11	0.0716452	-0.0477189	-0.0402557	0	0	0	0.149074	0.455183	0.77984		706.697	-0.077969	0.02343	0.013408	0.0953847	0.736098	0.667798	0.0557419	-0.171
120.111	0.0716452	-0.0477189	-0.0402557	0	0	0	0.149074	0.455183	0.77984		0.353349	-0.077969	0.02343	0.013408	0.0953834	0.736098	0.667798	0.055743	-0.171
120.112	0.0716452	-0.0477189	-0.0402557	0	0	0	0.149074	0.455183	0.77984		706.697	-0.077969	0.02343	0.013408	0.0953834	0.736098	0.667798	0.055743	-0.171
120.113	0.0716452	-0.0477189	-0.0402557	0	0	0	0.149074	0.455183	0.77984		706.697	-0.077969	0.02343	0.013408	0.0953837	0.736098	0.667798	0.0557405	-0.171
120.114	0.0716452	-0.0477189	-0.0402557	0	0	0	0.149074	0.455183	0.77984		0.353349	-0.077969	0.02343	0.013408	0.0953847	0.736098	0.667798	0.0557419	-0.171
120.115	0.0716452	-0.0477189	-0.0402557	0	0	0	0.149074	0.455183	0.77984		706.697	-0.077969	0.02343	0.013408	0.0953847	0.736098	0.667798	0.0557419	-0.171
120.116	0.0716452	-0.0477189	-0.0402557	0	0	0	0.149074	0.455183	0.77984		706.697	-0.077969	0.02343	0.013408	0.0953841	0.736098	0.667798	0.0557424	-0.171
120.117	0.0716452	-0.0477189	-0.0402557	0	0	0	0.149074	0.455183	0.77984		0.353349	-0.077969	0.02343	0.013408	0.0953818	0.736098	0.667798	0.0557422	-0.171
120.118	0.0716452	-0.0477189	-0.0402557	0	0	0	0.149074	0.455183	0.77984		0.353349	-0.077969	0.02343	0.013408	0.0953834	0.736098	0.667798	0.055743	-0.171
120.122	0.0716452	-0.0477189	-0.0402557	0	0	0	0.149074	0.455183	0.77984		0.353349	-0.077969	0.02343	0.013408	0.0953837	0.736098	0.667798	0.0557405	-0.171
120.123	0.0716452	-0.0477189	-0.0402557	0	0	0	0.149074	0.455183	0.77984		0.353349	-0.077969	0.02343	0.013408	0.0953843	0.736098	0.667798	0.0557399	-0.171
120.124	0.0716452	-0.0477189	-0.0402557	0	0	0	0.149074	0.455183	0.77984		706.697	-0.077969	0.02343	0.013408	0.0953843	0.736098	0.667798	0.0557399	-0.171
120.125	0.0716452	-0.0477189	-0.0402557	0	0	0	0.149074	0.455183	0.77984		706.697	-0.077969	0.02343	0.013408	0.0953818	0.736098	0.667798	0.0557422	-0.171
120.126	0.0716452	-0.0477189	-0.0402557	0	0	0	0.149074	0.455183	0.77984		0.353349	-0.077969	0.02343	0.013408	0.0953818	0.736098	0.667798	0.055743	-0.171
120.127	0.0716452	-0.0477189	-0.0402557	0	0	0	0.149074	0.455183	0.77984		706.697	-0.077969	0.02343	0.013408	0.0953834	0.736098	0.667798	0.055743	-0.171
120.128	0.0716452	-0.0477189	-0.0402557	0	0	0	0.149074	0.455183	0.77984		706.697	-0.077969	0.02343	0.013408	0.0953837	0.736098	0.667798	0.0557405	-0.171
120.129	0.0716452	-0.0477189	-0.0402557	0	0	0	0.149074	0.455183	0.77984		0.353349	-0.077969	0.02343	0.013408	0.0953837	0.736098	0.667798	0.0557399	-0.171
120.13	0.0716452	-0.0477189	-0.0402557	0	0	0	0.149074	0.455183	0.77984		706.697	-0.077969	0.02343	0.013408	0.0953843	0.736098	0.667798	0.0557399	-0.171
120.133	0.0716452	-0.0477189	-0.0402557	0	0	0	0.149074	0.455183	0.77984		706.697	-0.077969	0.02343	0.013408	0.0953841	0.736098	0.667798	0.0557424	-0.171
120.135	0.0716452	-0.0477189	-0.0402557	0	0	0	0.149074	0.455183	0.77984		0.353349	-0.077969	0.02343	0.013408	0.0953825	0.736098	0.667798	0.0557416	-0.171
120.137	0.0716452	-0.0477189	-0.0402557	0	0	0	0.149074	0.455183	0.77984		0.353349	-0.077969	0.02343	0.013408	0.0953834	0.736098	0.667798	0.055743	-0.171
120.138	0.0716452	-0.0477189	-0.0402557	0	0	0	0.149074	0.455183	0.77984		706.697	-0.077969	0.02343	0.013408	0.0953834	0.736098	0.667798	0.055743	-0.171
120.139	0.0716452	-0.0477189	-0.0402557	0	0	0	0.149074	0.455183	0.77984		706.697	-0.077969	0.02343	0.013408	0.0953847	0.736098	0.667798	0.0557419	-0.171
120.14	0.0716452	-0.0477189	-0.0402557	0	0	0	0.149074	0.455183	0.77984		0.353349	-0.077969	0.02343	0.013408	0.0953825	0.736098	0.667798	0.0557416	-0.171
120.141	0.0716452	-0.0477189	-0.0402557	0	0	0	0.149074	0.455183	0.77984		0.353349	-0.077969	0.02343	0.013408	0.0953825	0.736098	0.667798	0.0557416	-0.171
120.142	0.0716452	-0.0477189	-0.0402557	0	0	0	0.149074	0.455183	0.77984		706.697	-0.077969	0.02343	0.013408	0.0953834	0.736098	0.667798	0.055743	-0.171
120.143	0.0716455	-0.0477181	-0.0402562	1.08956e-005	3.65882e-005	-2.45259e-005	0.149074	0.455183	0.77984		0.353349	-0.077969	0.02343	0.013408	0.0953841	0.736098	0.667798	0.0557424	-0.171
120.144	0.0716455	-0.0477181	-0.0402562	1.06299e-005	3.56958e-005	-2.39277e-005	0.149074	0.455183	0.77984		0.353349	-0.077969	0.02343	0.013408	0.0953841	0.736098	0.667798	0.0557424	-0.171
120.145	0.0716455	-0.0477181	-0.0402562	1.06299e-005	3.56958e-005	-2.39277e-005	0.149074	0.455183	0.77984		706.697	-0.077969	0.02343	0.013408	0.0953837	0.736098	0.667798	0.0557405	-0.171
120.146	0.0716455	-0.0477181	-0.0402562	1.07611e-005	3.61364e-005	-2.42231e-005	0.149074	0.455183	0.77984		0.353349	-0.077969	0.02343	0.013408	0.0953847	0.736098	0.667798	0.0557419	-0.171
120.15	0.0716455	-0.0477181	-0.0402562	1.07611e-005	3.61364e-005	-2.42231e-005	0.149074	0.455183	0.77984		0.353349	-0.077969	0.02343	0.013408	0.0953841	0.736098	0.667798	0.0557424	-0.171
120.152	0.0716455	-0.0477181	-0.0402562	1.08956e-005	3.65882e-005	-2.45259e-005	0.149074	0.455183	0.77984		0.353349	-0.077969	0.02343	0.013408	0.0953818	0.736098	0.667798	0.0557422	-0.171
120.153	0.0716455	-0.0477181	-0.0402562	1.08956e-005	3.65882e-005	-2.45259e-005	0.149074	0.455183	0.77984		0.353349	-0.077969	0.02343	0.013408	0.0953818	0.736098	0.667798	0.0557422	-0.171
120.154	0.0716455	-0.0477181	-0.0402562	1.02547e-005	3.44359e-005	-2.30832e-005	0.149074	0.455183	0.77984		706.697	-0.077969	0.02343	0.013408	0.0953843	0.736098	0.667798	0.0557399	-0.171
120.155	0.0716455	-0.0477181	-0.0402562	1.06299e-005	3.56958e-005	-2.39277e-005	0.149074	0.455183	0.77984		0.353349	-0.077969	0.02343	0.013408	0.0953847	0.736098	0.667798	0.0557419	-0.171
120.156	0.0716455	-0.0477181	-0.0402562	1.07611e-005	3.61364e-005	-2.42231e-005	0.149074	0.455183	0.77984		0.353349	-0.077969	0.02343	0.013408	0.0953847	0.736098	0.667798	0.0557419	-0.171
120.157	0.0716455	-0.0477181	-0.0402562	1.07611e-005	3.61364e-005	-2.42231e-005	0.149074	0.455183	0.77984		706.697	-0.077969	0.02343	0.013408	0.0953825	0.736098	0.667798	0.0557416	-0.171
120.158	0.0716455	-0.0477181	-0.0402562	1.07611e-005	3.61364e-005	-2.42231e-005	0.149074	0.455183	0.77984		0.353349	-0.077969	0.02343	0.013408	0.0953834	0.736098	0.667798	0.055743	-0.171
120.161	0.0716455	-0.0477181	-0.0402562	1.08956e-005	3.65882e-005	-2.45259e-005	0.149074	0.455183	0.77984		0.353349	-0.077969	0.02343	0.013408	0.0953841	0.736098	0.667798	0.0557424	-0.171
120.163	0.0716455	-0.0477181	-0.0402562	0	0	0	0.149074	0.455183	0.77984		0.353349	-0.077969	0.02343	0.013408	0.0953843	0.736098	0.667798	0.0557399	-0.171
120.164	0.0716455	-0.0477181	-0.0402562	0	0	0	0.149074	0.455183	0.77984		706.697	-0.077969	0.02343	0.013408	0.0953843	0.736098	0.667798	0.0557399	-0.171
120.165	0.0716455	-0.0477181	-0.0402562	0	0	0	0.149074	0.455183	0.77984		706.697	-0.077969	0.02343	0.013408	0.0953825	0.736098	0.667798	0.0557416	-0.171
120.166	0.0716455	-0.0477181	-0.0402562	0	0	0	0.149074	0.455183	0.77984		0.353349	-0.077969	0.02343	0.013408	0.0953834	0.736098	0.667798	0.055743	-0.171
120.167	0.0716455	-0.0477181	-0.0402562	0	0	0	0.149074	0.455183	0.77984		706.697	-0.077969	0.02343	0.013408	0.0953834	0.736098	0.667798	0.055743	-0.171
120.168	0.0716455	-0.0477181	-0.0402562	0	0	0	0.149074	0.455183	0.77984		706.697	-0.077969	0.02343	0.013408	0.0953837	0.736098	0.667798	0.0557405	-0.171
120.169	0.0716455	-0.0477181	-0.0402562	0	0	0	0.149074	0.455183	0.77984		0.353349	-0.077969	0.02343	0.013408	0.0953843	0.736098	0.667798	0.0557399	-0.171
120.173	0.0716455	-0.0477181	-0.0402562	0	0	0	0.149074	0.455183	0.77984		0.353349	-0.077969	0.02343	0.013408	0.0953847	0.736098	0.667798	0.0557419	-0.171
120.174	0.0716452	-0.0477189	-0.0402557	-1.07613e-005	-3.61363e-005	2.42231e-005	0.149074	0.455183	0.77984		0.353349	-0.077969	0.02343	0.013408	0.0953825	0.736098	0.667798	0.0557416	-0.171
120.175	0.0716452	-0.0477189	-0.0402557	-1.07613e-005	-3.61363e-005	2.42231e-005	0.149074	0.455183	0.77984		706.697	-0.077969	0.02343	0.013408	0.0953825	0.736098	0.667798	0.0557416	-0.171
120.176	0.0716452	-0.0477189	-0.0402557	-1.07613e-005	-3.61363e-005	2.42231e-005	0.149074	0.455183	0.77984		0.353349	-0.077969	0.02343	0.013408	0.0953837	0.736098	0.667798	0.0557405	-0.171
120.177	0.0716452	-0.0477189	-0.0402557	-1.07613e-005	-3.61363e-005	2.42231e-005	0.149074	0.455183	0.77984		706.697	-0.077969	0.02343	0.013408	0.0953837	0.736098	0.667798	0.0557405	-0.171
120.178	0.0716452	-0.0477189	-0.0402557	-1.07613e-005	-3.61363e-005	2.42231e-005	0.149074	0.455183	0.77984		706.697	-0.077969	0.02343	0.013408	0.0953847	0.736098	0.667798	0.0557419	-0.171
120.179	0.0716452	-0.0477189	-0.0402557	-1.0377e-005	-3.48457e-005	2.3358e-005	0.149074	0.455183	0.77984		0.353349	-0.077969	0.02343	0.013408	0.0953841	0.736098	0.667798	0.0557424	-0.171
120.18	0.0716452	-0.0477189	-0.0402557	-1.0377e-005	-3.48457e-005	2.3358e-005	0.149074	0.455183	0.77984		706.697	-0.077969	0.02343	0.013408	0.0953841	0.736098	0.667798	0.0557424	-0.171
120.181	0.0716452	-0.0477189	-0.0402557	-1.0502e-005	-3.52655e-005	2.36394e-005	0.149074	0.455183	0.77984		706.697	-0.077969	0.02343	0.013408	0.0953818	0.736098	0.667798	0.0557422	-0.171
120.182	0.0716452	-0.0477189	-0.0402557	-1.06301e-005	-3.56956e-005	2.39277e-005	0.149074	0.455183	0.77984		0.353349	-0.077969	0.02343	0.013408	0.0953834	0.736098	0.667798	0.055743	-0.171
120.185	0.0716452	-0.0477189	-0.0402557	-1.07613e-005	-3.61363e-005	2.42231e-005	0.149074	0.455183	0.77984		706.697	-0.077969	0.02343	0.013408	0.0953837	0.736098	0.667798	0.0557405	-0.171
120.187	0.0716452	-0.0477189	-0.0402557	-1.06301e-005	-3.56956e-005	2.39277e-005	0.149074	0.455183	0.77984		0.353349	-0.077969	0.02343	0.013408	0.0953837	0.736098	0.667798	0.0557405	-0.171
120.189	0.0716452	-0.0477189	-0.0402557	-1.07613e-005	-3.61363e-005	2.42231e-005	0.149074	0.455183	0.77984		0.353349	-0.077969	0.02343	0.013408	0.0953825	0.736098	0.667798	0.0557416	-0.171
120.19	0.0716452	-0.0477189	-0.0402557	-1.0502e-005	-3.52655e-005	2.36394e-005	0.149074	0.455183	0.77984		0.353349	-0.077969	0.02343	0.013408	0.0953825	0.736098	0.667798	0.0557416	-0.171
120.191	0.0716452	-0.0477189	-0.0402557	-1.0502e-005	-3.52655e-005	2.36394e-005	0.149074	0.455183	0.77984		706.697	-0.077969	0.02343	0.013408	0.0953841	0.736098	0.667798	0.0557424	-0.171
120.192	0.0716452	-0.0477189	-0.0402557	-1.06301e-005	-3.56956e-005	2.39277e-005	0.149074	0.455183	0.77984		0.353349	-0.077969	0.02343	0.013408	0.0953837	0.736098	0.667798	0.0557405	-0.171
120.193	0.0716452	-0.0477189	-0.0402557	0	0	0	0.149074	0.455183	0.77984		0.353349	-0.077969	0.02343	0.013408	0.0953837	0.736098	0.667798	0.0557405	-0.171
120.194	0.0716452	-0.0477189	-0.0402557	0	0	0	0.149074	0.455183	0.77984		706.697	-0.077969	0.02343	0.013408	0.0953847	0.736098	0.667798	0.0557419	-0.171
120.195	0.0716455	-0.0477181	-0.0402562	1.06299e-005	3.56958e-005	-2.39277e-005	0.149074	0.455183	0.77984		0.353349	-0.077969	0.02343	0.013408	0.0953841	0.736098	0.667798	0.0557424	-0.171
120.196	0.0716455	-0.0477181	-0.0402562	1.07611e-005	3.61364e-005	-2.42231e-005	0.149074	0.455183	0.77984		0.353349	-0.077969	0.02343	0.013408	0.0953841	0.736098	0.667798	0.0557424	-0.171
120.199	0.0716455	-0.0477181	-0.0402562	1.07611e-005	3.61364e-005	-2.42231e-005	0.149074	0.455183	0.77984		706.697	-0.077969	0.02343	0.013408	0.0953825	0.736098	0.667798	0.0557416	-0.171
120.201	0.0716455	-0.0477181	-0.0402562	1.06299e-005	3.56958e-005	-2.39277e-005	0.149074	0.455183	0.77984		0.353349	-0.077969	0.02343	0.013408	0.0953834	0.736098	0.667798	0.055743	-0.171
120.203	0.0716455	-0.0477181	-0.0402562	1.07611e-005	3.61364e-005	-2.42231e-005	0.149074	0.455183	0.77984		706.697	-0.077969	0.02343	0.013408	0.0953837	0.736098	0.667798	0.0557405	-0.171
120.204	0.0716455	-0.0477181	-0.0402562	1.07611e-005	3.61364e-005	-2.42231e-005	0.149074	0.455183	0.77984		0.353349	-0.077969	0.02343	0.013408	0.0953825	0.736098	0.667798	0.0557416	-0.171
120.205	0.0716455	-0.0477181	-0.0402562	1.07611e-005	3.61364e-005	-2.42231e-005	0.149074	0.455183	0.77984		0.353349	-0.077969	0.02343	0.013408	0.0953825	0.736098	0.667798	0.0557416	-0.171
120.206	0.0716455	-0.0477181	-0.0402562	1.07611e-005	3.61364e-005	-2.42231e-005	0.149074	0.455183	0.77984		706.697	-0.077969	0.02343	0.013408	0.0953818	0.736098	0.667798	0.0557422	-0.171
120.207	0.0716455	-0.0477181	-0.0402562	1.07611e-005	3.61364e-005	-2.42231e-005	0.149074	0.455183	0.77984		0.353349	-0.077969	0.02343	0.013408	0.0953841	0.736098	0.667798	0.0557424	-0.171
120.208	0.0716455	-0.0477181	-0.0402562	1.07611e-005	3.61364e-005	-2.42231e-005	0.149074	0.455183	0.77984		0.353349	-0.077969	0.02343	0.013408	0.0953841	0.736098	0.667798	0.0557424	-0.171
120.209	0.0716455	-0.0477181	-0.0402562	1.07611e-005	3.61364e-005	-2.42231e-005	0.149074	0.455183	0.77984		706.697	-0.077969	0.02343	0.013408	0.0953837	0.736098	0.667798	0.0557405	-0.171
120.21	0.0716455	-0.0477181	-0.0402562	1.07611e-005	3.61364e-005	-2.42231e-005	0.149074	0.455183	0.77984		0.353349	-0.077969	0.02343	0.013408	0.0953847	0.736098	0.667798	0.0557419	-0.171
120.212	0.0716455	-0.0477181	-0.0402562	1.07611e-005	3.61364e-005	-2.42231e-005	0.149074	0.455183	0.77984		706.697	-0.077969	0.02343	0.013408	0.0953841	0.736098	0.667798	0.0557424	-0.171
120.215	0.0716455	-0.0477181	-0.0402562	1.07611e-005	3.61364e-005	-2.42231e-005	0.149074	0.455183	0.77984		706.697	-0.077969	0.02343	0.013408	0.0953818	0.736098	0.667798	0.0557422	-0.171
120.217	0.0716452	-0.0477189	-0.0402557	-1.07613e-005	-3.61363e-005	2.42231e-005	0.149074	0.455183	0.77984		706.697	-0.077969	0.02343	0.013408	0.0953834	0.736098	0.667798	0.055743	-0.171
120.218	0.0716452	-0.0477189	-0.0402557	-1.0377e-005	-3.48457e-005	2.3358e-005	0.149074	0.455183	0.77984		0.353349	-0.077969	0.02343	0.013408	0.0953834	0.736098	0.667798	0.055743	-0.171
120.219	0.0716452	-0.0477189	-0.0402557	-1.0377e-005	-3.48457e-005	2.3358e-005	0.149074	0.455183	0.77984		706.697	-0.077969	0.02343	0.013408	0.0953847	0.736098	0.667798	0.0557419	-0.171
120.22	0.0716452	-0.0477189	-0.0402557	-1.0502e-005	-3.52655e-005	2.36394e-005	0.149074	0.455183	0.77984		0.353349	-0.077969	0.02343	0.013408	0.0953825	0.736098	0.667798	0.0557416	-0.171
120.221	0.0716452	-0.0477189	-0.0402557	-1.07613e-005	-3.61363e-005	2.42231e-005	0.149074	0.455183	0.77984		0.353349	-0.077969	0.02343	0.013408	0.0953825	0.736098	0.667798	0.0557416	-0.171
120.222	0.0716452	-0.0477189	-0.0402557	-1.07613e-005	-3.61363e-005	2.42231e-005	0.149074	0.455183	0.77984		706.697	-0.077969	0.02343	0.013408	0.0953818	0.736098	0.667798	0.0557422	-0.171
120.223	0.0716452	-0.0477189	-0.0402557	-1.06301e-005	-3.56956e-005	2.39277e-005	0.149074	0.455183	0.77984		0.353349	-0.077969	0.02343	0.013408	0.0953841	0.736098	0.667798	0.0557424	-0.171
120.224	0.0716452	-0.0477189	-0.0402557	-1.07613e-005	-3.61363e-005	2.42231e-005	0.149074	0.455183	0.77984		0.353349	-0.077969	0.02343	0.013408	0.0953837	0.736098	0.667798	0.0557405	-0.171
120.228	0.0716452	-0.0477189	-0.0402557	-1.06301e-005	-3.56956e-005	2.39277e-005	0.149074	0.455183	0.77984		0.353349	-0.077969	0.02343	0.013408	0.0953847	0.736098	0.667798	0.0557419	-0.171
120.23	0.0716452	-0.0477189	-0.0402557	-1.06301e-005	-3.56956e-005	2.39277e-005	0.149074	0.455183	0.77984		0.353349	-0.077969	0.02343	0.013408	0.0953825	0.736098	0.667798	0.0557416	-0.171
120.231	0.0716452	-0.0477189	-0.0402557	-1.06301e-005	-3.56956e-005	2.39277e-005	0.149074	0.455183	0.77984		706.697	-0.077969	0.02343	0.013408	0.0953825	0.736098	0.667798	0.0557416	-0.171
120.232	0.0716452	-0.0477189	-0.0402557	-1.06301e-005	-3.56956e-005	2.39277e-005	0.149074	0.455183	0.77984		706.697	-0.077969	0.02343	0.013408	0.0953841	0.736098	0.667798	0.0557424	-0.171
120.233	0.0716452	-0.0477189	-0.0402557	-1.06301e-005	-3.56956e-005	2.39277e-005	0.149074	0.455183	0.77984		0.353349	-0.077969	0.02343	0.013408	0.0953843	0.736098	0.667798	0.0557399	-0.171
120.234	0.0716452	-0.0477189	-0.0402557	-1.06301e-005	-3.56956e-005	2.39277e-005	0.149074	0.455183	0.77984		706.697	-0.077969	0.02343	0.013408	0.0953843	0.736098	0.667798	0.0557399	-0.171
120.235	0.0716452	-0.0477189	-0.0402557	-1.06301e-005	-3.56956e-005	2.39277e-005	0.149074	0.455183	0.77984		706.697	-0.077969	0.02343	0.013408	0.0953847	0.736098	0.667798	0.0557419	-0.171
120.236	0.0716452	-0.0477189	-0.0402557	0	0	0	0.149074	0.455183	0.77984		0.353349	-0.077969	0.02343	0.013408	0.0953825	0.736098	0.667798	0.0557416	-0.171
120.237	0.0716452	-0.0477189	-0.0402557	0	0	0	0.149074	0.455183	0.77984		706.697	-0.077969	0.02343	0.013408	0.0953825	0.736098	0.667798	0.0557416	-0.171
120.238	0.0716455	-0.0477181	-0.0402562	1.07611e-005	3.61364e-005	-2.42231e-005	0.149074	0.455183	0.77984		0.353349	-0.077969	0.02343	0.013408	0.0953818	0.736098	0.667798	0.0557422	-0.171
120.239	0.0716455	-0.0477181	-0.0402562	1.07611e-005	3.61364e-005	-2.42231e-005	0.149074	0.455183	0.77984		0.353349	-0.077969	0.02343	0.013408	0.0953818	0.736098	0.667798	0.0557422	-0.171
120.24	0.0716455	-0.0477181	-0.0402562	1.08956e-005	3.65882e-005	-2.45259e-005	0.149074	0.455183	0.77984		0.353349	-0.077969	0.02343	0.013408	0.0953837	0.736098	0.667798	0.0557405	-0.171
120.242	0.0716455	-0.0477181	-0.0402562	1.07611e-005	3.61364e-005	-2.42231e-005	0.149074	0.455183	0.77984		0.353349	-0.077969	0.02343	0.013408	0.0953847	0.736098	0.667798	0.0557419	-0.171
120.246	0.0716455	-0.0477181	-0.0402562	1.05018e-005	3.52657e-005	-2.36394e-005	0.149074	0.455183	0.77984		0.353349	-0.077969	0.02343	0.013408	0.0953825	0.736098	0.667798	0.0557416	-0.171
120.247	0.0716455	-0.0477181	-0.0402562	1.05018e-005	3.52657e-005	-2.36394e-005	0.149074	0.455183	0.77984		706.697	-0.077969	0.02343	0.013408	0.0953825	0.736098	0.667798	0.0557416	-0.171
120.248	0.0716455	-0.0477181	-0.0402562	1.05018e-005	3.52657e-005	-2.36394e-005	0.149074	0.455183	0.77984		706.697	-0.077969	0.02343	0.013408	0.0953841	0.736098	0.667798	0.0557424	-0.171
120.249	0.0716455	-0.0477181	-0.0402562	1.03768e-005	3.48459e-005	-2.3358e-005	0.149074	0.455183	0.77984		0.353349	-0.077969	0.02343	0.013408	0.0953843	0.736098	0.667798	0.0557399	-0.171
120.25	0.0716455	-0.0477181	-0.0402562	1.03768e-005	3.48459e-005	-2.3358e-005	0.149074	0.455183	0.77984		706.697	-0.077969	0.02343	0.013408	0.0953843	0.736098	0.667798	0.0557399	-0.171
120.251	0.0716455	-0.0477181	-0.0402562	1.07611e-005	3.61364e-005	-2.42231e-005	0.149074	0.455183	0.77984		706.697	-0.077969	0.02343	0.013408	0.0953841	0.736098	0.667798	0.0557424	-0.171
120.252	0.0716455	-0.0477181	-0.0402562	1.07611e-005	3.61364e-005	-2.42231e-005	0.149074	0.455183	0.77984		0.353349	-0.077969	0.02343	0.013408	0.0953825	0.736098	0.667798	0.0557416	-0.171
120.253	0.0716455	-0.0477181	-0.0402562	1.07611e-005	3.61364e-005	-2.42231e-005	0.149074	0.455183	0.77984		706.697	-0.077969	0.02343	0.013408	0.0953825	0.736098	0.667798	0.0557416	-0.171
120.254	0.0716455	-0.0477181	-0.0402562	1.07611e-005	3.61364e-005	-2.42231e-005	0.149074	0.455183	0.77984		0.353349	-0.077969	0.02343	0.013408	0.0953834	0.736098	0.667798	0.055743	-0.171
120.258	0.0716455	-0.0477181	-0.0402562	1.07611e-005	3.61364e-005	-2.42231e-005	0.149074	0.455183	0.77984		0.353349	-0.077969	0.02343	0.013408	0.0953841	0.736098	0.667798	0.0557424	-0.171
120.259	0.0716455	-0.0477181	-0.0402562	0	0	0	0.149074	0.455183	0.77984		0.353349	-0.077969	0.02343	0.013408	0.0953843	0.736098	0.667798	0.0557399	-0.171
120.26	0.0716455	-0.0477181	-0.0402562	0	0	0	0.149074	0.455183	0.77984		706.697	-0.077969	0.02343	0.013408	0.0953843	0.736098	0.667798	0.0557399	-0.171
120.261	0.0716455	-0.0477181	-0.0402562	0	0	0	0.149074	0.455183	0.77984		706.697	-0.077969	0.02343	0.013408	0.0953818	0.736098	0.667798	0.0557422	-0.171
120.262	0.0716452	-0.0477189	-0.0402557	-1.02549e-005	-3.44358e-005	2.30832e-005	0.149074	0.455183	0.77984		0.353349	-0.077969	0.02343	0.013408	0.0953834	0.736098	0.667798	0.055743	-0.171
120.263	0.0716452	-0.0477189	-0.0402557	-1.02549e-005	-3.44358e-005	2.30832e-005	0.149074	0.455183	0.77984		706.697	-0.077969	0.02343	0.013408	0.0953834	0.736098	0.667798	0.055743	-0.171
120.264	0.0716452	-0.0477189	-0.0402557	-1.0377e-005	-3.48457e-005	2.3358e-005	0.149074	0.455183	0.77984		706.697	-0.077969	0.02343	0.013408	0.0953837	0.736098	0.667798	0.0557405	-0.171
120.265	0.0716452	-0.0477189	-0.0402557	-1.0377e-005	-3.48457e-005	2.3358e-005	0.149074	0.455183	0.77984		0.353349	-0.077969	0.02343	0.013408	0.0953843	0.736098	0.667798	0.0557399	-0.171
120.267	0.0716452	-0.0477189	-0.0402557	-1.06301e-005	-3.56956e-005	2.39277e-005	0.149074	0.455183	0.77984		0.353349	-0.077969	0.02343	0.013408	0.0953841	0.736098	0.667798	0.0557424	-0.171
120.27	0.0716452	-0.0477189	-0.0402557	-1.06301e-005	-3.56956e-005	2.39277e-005	0.149074	0.455183	0.77984		0.353349	-0.077969	0.02343	0.013408	0.0953841	0.736098	0.667798	0.0557424	-0.171
120.272	0.0716452	-0.0477189	-0.0402557	-1.07613e-005	-3.61363e-005	2.42231e-005	0.149074	0.455183	0.77984		0.353349	-0.077969	0.02343	0.013408	0.0953825	0.736098	0.667798	0.0557416	-0.171
120.273	0.0716452	-0.0477189	-0.0402557	-1.07613e-005	-3.61363e-005	2.42231e-005	0.149074	0.455183	0.77984		706.697	-0.077969	0.02343	0.013408	0.0953834	0.736098	0.667798	0.055743	-0.171
120.274	0.0716452	-0.0477189	-0.0402557	-1.07613e-005	-3.61363e-005	2.42231e-005	0.149074	0.455183	0.77984		0.353349	-0.077969	0.02343	0.013408	0.0953847	0.736098	0.667798	0.0557419	-0.171
120.275	0.0716452	-0.0477189	-0.0402557	-1.0377e-005	-3.48457e-005	2.3358e-005	0.149074	0.455183	0.77984		0.353349	-0.077969	0.02343	0.013408	0.0953847	0.736098	0.667798	0.0557419	-0.171
120.276	0.0716452	-0.0477189	-0.0402557	-1.0377e-005	-3.48457e-005	2.3358e-005	0.149074	0.455183	0.77984		706.697	-0.077969	0.02343	0.013408	0.0953841	0.736098	0.667798	0.0557424	-0.171
120.277	0.0716452	-0.0477189	-0.0402557	-1.07613e-005	-3.61363e-005	2.42231e-005	0.149074	0.455183	0.77984		706.697	-0.077969	0.02343	0.013408	0.0953818	0.736098	0.667798	0.0557422	-0.171
120.278	0.0716452	-0.0477189	-0.0402557	-1.07613e-005	-3.61363e-005	2.42231e-005	0.149074	0.455183	0.77984		0.353349	-0.077969	0.02343	0.013408	0.0953818	0.736098	0.667798	0.0557422	-0.171
120.279	0.0716452	-0.0477189	-0.0402557	-1.07613e-005	-3.61363e-005	2.42231e-005	0.149074	0.455183	0.77984		706.697	-0.077969	0.02343	0.013408	0.0953834	0.736098	0.667798	0.055743	-0.171
120.282	0.0716452	-0.0477189	-0.0402557	-1.06301e-005	-3.56956e-005	2.39277e-005	0.149074	0.455183	0.77984		706.697	-0.077969	0.02343	0.013408	0.0953837	0.736098	0.667798	0.0557405	-0.171
120.284	0.0716455	-0.0477181	-0.0402562	1.08956e-005	3.65882e-005	-2.45259e-005	0.149074	0.455183	0.77984		0.353349	-0.077969	0.02343	0.013408	0.0953841	0.736098	0.667798	0.0557424	-0.171
120.286	0.0716455	-0.0477181	-0.0402562	1.08956e-005	3.65882e-005	-2.45259e-005	0.149074	0.455183	0.77984		706.697	-0.077969	0.02343	0.013408	0.0953841	0.736098	0.667798	0.0557424	-0.171
120.287	0.0716455	-0.0477181	-0.0402562	1.07611e-005	3.61364e-005	-2.42231e-005	0.149074	0.455183	0.77984		0.353349	-0.077969	0.02343	0.013408	0.0953841	0.736098	0.667798	0.0557424	-0.171
120.288	0.0716455	-0.0477181	-0.0402562	1.07611e-005	3.61364e-005	-2.42231e-005	0.149074	0.455183	0.77984		706.697	-0.077969	0.02343	0.013408	0.0953841	0.736098	0.667798	0.0557424	-0.171
120.289	0.0716455	-0.0477181	-0.0402562	1.05018e-005	3.52657e-005	-2.36394e-005	0.149074	0.455183	0.77984		706.697	-0.077969	0.02343	0.013408	0.0953837	0.736098	0.667798	0.0557405	-0.171
120.29	0.0716455	-0.0477181	-0.0402562	1.06299e-005	3.56958e-005	-2.39277e-005	0.149074	0.455183	0.77984		0.353349	-0.077969	0.02343	0.013408	0.0953847	0.736098	0.667798	0.0557419	-0.171
120.291	0.0716455	-0.0477181	-0.0402562	1.06299e-005	3.56958e-005	-2.39277e-005	0.149074	0.455183	0.77984		706.697	-0.077969	0.02343	0.013408	0.0953847	0.736098	0.667798	0.0557419	-0.171
120.292	0.0716455	-0.0477181	-0.0402562	1.08956e-005	3.65882e-005	-2.45259e-005	0.149074	0.455183	0.77984		706.697	-0.077969	0.02343	0.013408	0.0953841	0.736098	0.667798	0.0557424	-0.171
120.293	0.0716455	-0.0477181	-0.0402562	1.07611e-005	3.61364e-005	-2.42231e-005	0.149074	0.455183	0.77984		0.353349	-0.077969	0.02343	0.013408	0.0953818	0.736098	0.667798	0.0557422	-0.171
120.294	0.0716455	-0.0477181	-0.0402562	1.08956e-005	3.65882e-005	-2.45259e-005	0.149074	0.455183	0.77984		0.353349	-0.077969	0.02343	0.013408	0.0953818	0.736098	0.667798	0.0557422	-0.171
120.298	0.0716455	-0.0477181	-0.0402562	1.07611e-005	3.61364e-005	-2.42231e-005	0.149074	0.455183	0.77984		0.353349	-0.077969	0.02343	0.013408	0.0953834	0.736098	0.667798	0.055743	-0.171
120.299	0.0716455	-0.0477181	-0.0402562	1.06299e-005	3.56958e-005	-2.39277e-005	0.149074	0.455183	0.77984		0.353349	-0.077969	0.02343	0.013408	0.0953847	0.736098	0.667798	0.0557419	-0.171
120.3	0.0716455	-0.0477181	-0.0402562	1.06299e-005	3.56958e-005	-2.39277e-005	0.149074	0.455183	0.77984		706.697	-0.077969	0.02343	0.013408	0.0953847	0.736098	0.667798	0.0557419	-0.171
120.301	0.0716455	-0.0477181	-0.0402562	1.05018e-005	3.52657e-005	-2.36394e-005	0.149074	0.455183	0.77984		0.353349	-0.077969	0.02343	0.013408	0.0953818	0.736098	0.667798	0.0557422	-0.171
120.302	0.0716455	-0.0477181	-0.0402562	1.05018e-005	3.52657e-005	-2.36394e-005	0.149074	0.455183	0.77984		706.697	-0.077969	0.02343	0.013408	0.0953818	0.736098	0.667798	0.0557422	-0.171
120.303	0.0716455	-0.0477181	-0.0402562	0	0	0	0.149074	0.455183	0.77984		706.697	-0.077969	0.02343	0.013408	0.0953841	0.736098	0.667798	0.0557424	-0.171
120.304	0.0716452	-0.0477189	-0.0402557	-1.02549e-005	-3.44358e-005	2.30832e-005	0.149074	0.455183	0.77984		0.353349	-0.077969	0.02343	0.013408	0.0953837	0.736098	0.667798	0.0557405	-0.171
120.305	0.0716452	-0.0477189	-0.0402557	-1.02549e-005	-3.44358e-005	2.30832e-005	0.149074	0.455183	0.77984		706.697	-0.077969	0.02343	0.013408	0.0953837	0.736098	0.667798	0.0557405	-0.171
120.306	0.0716452	-0.0477189	-0.0402557	-1.07613e-005	-3.61363e-005	2.42231e-005	0.149074	0.455183	0.77984		706.697	-0.077969	0.02343	0.013408	0.0953847	0.736098	0.667798	0.0557419	-0.171
120.307	0.0716452	-0.0477189	-0.0402557	-1.07613e-005	-3.61363e-005	2.42231e-005	0.149074	0.455183	0.77984		0.353349	-0.077969	0.02343	0.013408	0.0953841	0.736098	0.667798	0.0557424	-0.171
120.311	0.0716452	-0.0477189	-0.0402557	-1.06301e-005	-3.56956e-005	2.39277e-005	0.149074	0.455183	0.77984		0.353349	-0.077969	0.02343	0.013408	0.0953818	0.736098	0.667798	0.0557422	-0.171
120.313	0.0716452	-0.0477189	-0.0402557	-1.07613e-005	-3.61363e-005	2.42231e-005	0.149074	0.455183	0.77984		0.353349	-0.077969	0.02343	0.013408	0.0953841	0.736098	0.667798	0.0557424	-0.171
120.314	0.0716452	-0.0477189	-0.0402557	-1.07613e-005	-3.61363e-005	2.42231e-005	0.149074	0.455183	0.77984		706.697	-0.077969	0.02343	0.013408	0.0953841	0.736098	0.667798	0.0557424	-0.171
120.315	0.0716452	-0.0477189	-0.0402557	-1.06301e-005	-3.56956e-005	2.39277e-005	0.149074	0.455183	0.77984		706.697	-0.077969	0.02343	0.013408	0.0953847	0.736098	0.667798	0.0557419	-0.171
120.316	0.0716452	-0.0477189	-0.0402557	-1.06301e-005	-3.56956e-005	2.39277e-005	0.149074	0.455183	0.77984		0.353349	-0.077969	0.02343	0.013408	0.0953825	0.736098	0.667798	0.0557416	-0.171
120.317	0.0716452	-0.0477189	-0.0402557	-1.06301e-005	-3.56956e-005	2.39277e-005	0.149074	0.455183	0.77984		706.697	-0.077969	0.02343	0.013408	0.0953825	0.736098	0.667798	0.0557416	-0.171
120.318	0.0716452	-0.0477189	-0.0402557	-1.06301e-005	-3.56956e-005	2.39277e-005	0.149074	0.455183	0.77984		706.697	-0.077969	0.02343	0.013408	0.0953818	0.736098	0.667798	0.0557422	-0.171
120.319	0.0716452	-0.0477189	-0.0402557	-1.06301e-005	-3.56956e-005	2.39277e-005	0.149074	0.455183	0.77984		0.353349	-0.077969	0.02343	0.013408	0.0953841	0.736098	0.667798	0.0557424	-0.171
120.322	0.0716452	-0.0477189	-0.0402557	-1.07613e-005	-3.61363e-005	2.42231e-005	0.149074	0.455183	0.77984		0.353349	-0.077969	0.02343	0.013408	0.0953837	0.736098	0.667798	0.0557405	-0.171
120.323	0.0716452	-0.0477189	-0.0402557	0	0	0	0.149074	0.455183	0.77984		0.353349	-0.077969	0.02343	0.013408	0.0953847	0.736098	0.667798	0.0557419	-0.171
120.325	0.0716452	-0.0477189	-0.0402557	0	0	0	0.149074	0.455183	0.77984		706.697	-0.077969	0.02343	0.013408	0.0953847	0.736098	0.667798	0.0557419	-0.171
120.326	0.0716452	-0.0477189	-0.0402557	0	0	0	0.149074	0.455183	0.77984		0.353349	-0.077969	0.02343	0.013408	0.0953834	0.736098	0.667798	0.055743	-0.171
120.327	0.0716452	-0.0477189	-0.0402557	0	0	0	0.149074	0.455183	0.77984		706.697	-0.077969	0.02343	0.013408	0.0953834	0.736098	0.667798	0.055743	-0.171
120.328	0.0716452	-0.0477189	-0.0402557	0	0	0	0.149074	0.455183	0.77984		706.697	-0.077969	0.02343	0.013408	0.0953837	0.736098	0.667798	0.0557405	-0.171
120.329	0.0716452	-0.0477189	-0.0402557	0	0	0	0.149074	0.455183	0.77984		0.353349	-0.077969	0.02343	0.013408	0.0953843	0.736098	0.667798	0.0557399	-0.171
120.33	0.0716452	-0.0477189	-0.0402557	0	0	0	0.149074	0.455183	0.77984		706.697	-0.077969	0.02343	0.013408	0.0953843	0.736098	0.667798	0.0557399	-0.171
120.331	0.0716452	-0.0477189	-0.0402557	0	0	0	0.149074	0.455183	0.77984		706.697	-0.077969	0.02343	0.013408	0.0953841	0.736098	0.667798	0.0557424	-0.171
120.332	0.0716452	-0.0477189	-0.0402557	0	0	0	0.149074	0.455183	0.77984		0.353349	-0.077969	0.02343	0.013408	0.0953825	0.736098	0.667798	0.0557416	-0.171
120.333	0.0716452	-0.0477189	-0.0402557	0	0	0	0.149074	0.455183	0.77984		706.697	-0.077969	0.02343	0.013408	0.0953825	0.736098	0.667798	0.0557416	-0.171
120.336	0.0716455	-0.0477181	-0.0402562	1.06299e-005	3.56958e-005	-2.39277e-005	0.149074	0.455183	0.77984		706.697	-0.077969	0.02343	0.013408	0.0953834	0.736098	0.667798	0.055743	-0.171
120.339	0.0716455	-0.0477181	-0.0402562	1.07611e-005	3.61364e-005	-2.42231e-005	0.149074	0.455183	0.77984		0.353349	-0.077969	0.02343	0.013408	0.0953847	0.736098	0.667798	0.0557419	-0.171
120.34	0.0716455	-0.0477181	-0.0402562	1.07611e-005	3.61364e-005	-2.42231e-005	0.149074	0.455183	0.77984		706.697	-0.077969	0.02343	0.013408	0.0953847	0.736098	0.667798	0.0557419	-0.171
120.341	0.0716455	-0.0477181	-0.0402562	1.07611e-005	3.61364e-005	-2.42231e-005	0.149074	0.455183	0.77984		706.697	-0.077969	0.02343	0.013408	0.0953825	0.736098	0.667798	0.0557416	-0.171
120.342	0.0716455	-0.0477181	-0.0402562	1.07611e-005	3.61364e-005	-2.42231e-005	0.149074	0.455183	0.77984		0.353349	-0.077969	0.02343	0.013408	0.0953825	0.736098	0.667798	0.055743	-0.171
120.343	0.0716455	-0.0477181	-0.0402562	1.07611e-005	3.61364e-005	-2.42231e-005	0.149074	0.455183	0.77984		706.697	-0.077969	0.02343	0.013408	0.0953834	0.736098	0.667798	0.055743	-0.171
120.344	0.0716455	-0.0477181	-0.0402562	1.03768e-005	3.48459e-005	-2.3358e-005	0.149074	0.455183	0.77984		706.697	-0.077969	0.02343	0.013408	0.0953837	0.736098	0.667798	0.0557405	-0.171
120.345	0.0716455	-0.0477181	-0.0402562	1.07611e-005	3.61364e-005	-2.42231e-005	0.149074	0.455183	0.77984		0.353349	-0.077969	0.02343	0.013408	0.0953843	0.736098	0.667798	0.0557399	-0.171
120.346	0.0716455	-0.0477181	-0.0402562	1.07611e-005	3.61364e-005	-2.42231e-005	0.149074	0.455183	0.77984		706.697	-0.077969	0.02343	0.013408	0.0953843	0.736098	0.667798	0.0557399	-0.171
120.347	0.0716455	-0.0477181	-0.0402562	1.08956e-005	3.65882e-005	-2.45259e-005	0.149074	0.455183	0.77984		706.697	-0.077969	0.02343	0.013408	0.0953841	0.736098	0.667798	0.0557424	-0.171
120.349	0.0716455	-0.0477181	-0.0402562	1.06299e-005	3.56958e-005	-2.39277e-005	0.149074	0.455183	0.77984		706.697	-0.077969	0.02343	0.013408	0.0953825	0.736098	0.667798	0.0557416	-0.171
120.352	0.0716455	-0.0477181	-0.0402562	1.06299e-005	3.56958e-005	0	0.149074	0.455183	0.77984		0.353349	-0.077969	0.02343	0.013408	0.0953834	0.736098	0.667798	0.0557424	-0.171
120.354	0.0716455	-0.0477181	-0.0402562	0	0	0	0.149074	0.455183	0.77984		706.697	-0.077969	0.02343	0.013408	0.0953841	0.736098	0.667798	0.0557424	-0.171
120.355	0.0716455	-0.0477181	-0.0402562	0	0	0	0.149074	0.455183	0.77984		0.353349	-0.077969	0.02343	0.013408	0.0953841	0.736098	0.667798	0.0557424	-0.171
120.356	0.0716455	-0.0477181	-0.0402562	0	0	0	0.149074	0.455183	0.77984		0.353349	-0.077969	0.02343	0.013408	0.0953841	0.736098	0.667798	0.0557424	-0.171
120.357	0.0716455	-0.0477181	-0.0402562	0	0	0	0.149074	0.455183	0.77984		706.697	-0.077969	0.02343	0.013408	0.0953825	0.736098	0.667798	0.0557416	-0.171
120.358	0.0716455	-0.0477181	-0.0402562	0	0	0	0.149074	0.455183	0.77984		0.353349	-0.077969	0.02343	0.013408	0.0953834	0.736098	0.667798	0.055743	-0.171
120.359	0.0716455	-0.0477181	-0.0402562	0	0	0	0.149074	0.455183	0.77984		0.353349	-0.077969	0.02343	0.013408	0.0953834	0.736098	0.667798	0.055743	-0.171
120.36	0.0716455	-0.0477181	-0.0402562	0	0	0	0.149074	0.455183	0.77984		706.697	-0.077969	0.02343	0.013408	0.0953841	0.736098	0.667798	0.0557424	-0.171
120.363	0.0716455	-0.0477181	-0.0402562	0	0	0	0.149074	0.455183	0.77984		706.697	-0.077969	0.02343	0.013408	0.0953843	0.736098	0.667798	0.0557399	-0.171
120.365	0.0716455	-0.0477181	-0.0402562	0	0	0	0.149074	0.455183	0.77984		0.353349	-0.077969	0.02343	0.013408	0.0953847	0.736098	0.667798	0.0557419	-0.171
120.366	0.0716455	-0.0477181	-0.0402562	0	0	0	0.149074	0.455183	0.77984		706.697	-0.077969	0.02343	0.013408	0.0953847	0.736098	0.667798	0.0557419	-0.171
120.367	0.0716455	-0.0477181	-0.0402562	0	0	0	0.149074	0.455183	0.77984		706.697	-0.077969	0.02343	0.013408	0.0953818	0.736098	0.667798	0.0557422	-0.171
120.368	0.0716455	-0.0477181	-0.0402562	0	0	0	0.149074	0.455183	0.77984		0.353349	-0.077969	0.02343	0.013408	0.0953841	0.736098	0.667798	0.0557424	-0.171
120.369	0.0716455	-0.0477181	-0.0402562	0	0	0	0.149074	0.455183	0.77984		706.697	-0.077969	0.02343	0.013408	0.0953841	0.736098	0.667798	0.0557424	-0.171
120.37	0.0716455	-0.0477181	-0.0402562	0	0	0	0.149074	0.455183	0.77984		706.697	-0.077969	0.02343	0.013408	0.0953847	0.736098	0.667798	0.0557419	-0.171
120.371	0.0716455	-0.0477181	-0.0402562	0	0	0	0.149074	0.455183	0.77984		0.353349	-0.077969	0.02343	0.013408	0.0953841	0.736098	0.667798	0.0557424	-0.171
120.372	0.0716455	-0.0477181	-0.0402562	0	0	0	0.149074	0.455183	0.77984		706.697	-0.077969	0.02343	0.013408	0.0953841	0.736098	0.667798	0.0557424	-0.171
120.374	0.0716455	-0.0477181	-0.0402562	0	0	0	0.149074	0.455183	0.77984		0.353349	-0.077969	0.02343	0.013408	0.0953834	0.736098	0.667798	0.055743	-0.171
120.378	0.0716455	-0.0477181	-0.0402562	0	0	0	0.149074	0.455183	0.77984		0.353349	-0.077969	0.02343	0.013408	0.0953837	0.736098	0.667798	0.0557405	-0.171
120.38	0.0716455	-0.0477181	-0.0402562	0	0	0	0.149074	0.455183	0.77984		0.353349	-0.077969	0.02343	0.013408	0.0953847	0.736098	0.667798	0.0557419	-0.171
120.381	0.0716455	-0.0477181	-0.0402562	0	0	0	0.149074	0.455183	0.77984		706.697	-0.077969	0.02343	0.013408	0.0953847	0.736098	0.667798	0.0557419	-0.171
120.382	0.0716455	-0.0477181	-0.0402562	0	0	0	0.149074	0.455183	0.77984		706.697	-0.077969	0.02343	0.013408	0.0953818	0.736098	0.667798	0.0557422	-0.171
120.383	0.0716455	-0.0477181	-0.0402562	0	0	0	0.149074	0.455183	0.77984		0.353349	-0.077969	0.02343	0.013408	0.0953841	0.736098	0.667798	0.0557424	-0.171
120.384	0.0716455	-0.0477181	-0.0402562	0	0	0	0.149074	0.455183	0.77984		706.697	-0.077969	0.02343	0.013408	0.0953841	0.736098	0.667798	0.0557424	-0.171
120.385	0.0716455	-0.0477181	-0.0402562	0	0	0	0.149074	0.455183	0.77984		706.697	-0.077969	0.02343	0.013408	0.0953837	0.736098	0.667798	0.0557405	-0.171
120.386	0.0716455	-0.0477181	-0.0402562	0	0	0	0.149074	0.455183	0.77984		0.353349	-0.077969	0.02343	0.013408	0.0953847	0.736098	0.667798	0.0557419	-0.171
120.387	0.0716455	-0.0477181	-0.0402562	0	0	0	0.149074	0.455183	0.77984		706.697	-0.077969	0.02343	0.013408	0.0953847	0.736098	0.667798	0.0557419	-0.171
120.389	0.0716455	-0.0477181	-0.0402562	0	0	0	0.149074	0.455183	0.77984		706.697	-0.077969	0.02343	0.013408	0.0953841	0.736098	0.667798	0.0557424	-0.171
120.392	0.0716452	-0.0477189	-0.0402557	-1.07613e-005	-3.61363e-005	2.42231e-005	0.149074	0.455183	0.77984		0.353349	-0.077969	0.02343	0.013408	0.0953818	0.736098	0.667798	0.0557422	-0.171
120.393	0.0716452	-0.0477189	-0.0402557	-1.08958e-005	-3.6588e-005	2.45259e-005	0.149074	0.455183	0.77984		0.353349	-0.077969	0.02343	0.013408	0.0953841	0.736098	0.667798	0.0557424	-0.171
120.394	0.0716452	-0.0477189	-0.0402557	-1.08958e-005	-3.6588e-005	2.45259e-005	0.149074	0.455183	0.77984		706.697	-0.077969	0.02343	0.013408	0.0953841	0.736098	0.667798	0.0557424	-0.171
120.395	0.0716452	-0.0477189	-0.0402557	-1.07613e-005	-3.61363e-005	2.42231e-005	0.149074	0.455183	0.77984		706.697	-0.077969	0.02343	0.013408	0.0953847	0.736098	0.667798	0.0557419	-0.171
120.396	0.0716452	-0.0477189	-0.0402557	-1.0377e-005	-3.48457e-005	2.3358e-005	0.149074	0.455183	0.77984		0.353349	-0.077969	0.02343	0.013408	0.0953825	0.736098	0.667798	0.0557416	-0.171
120.397	0.0716452	-0.0477189	-0.0402557	-1.0377e-005	-3.48457e-005	2.3358e-005	0.149074	0.455183	0.77984		706.697	-0.077969	0.02343	0.013408	0.0953825	0.736098	0.667798	0.0557416	-0.171
120.398	0.0716452	-0.0477189	-0.0402557	-1.0377e-005	-3.48457e-005	2.3358e-005	0.149074	0.455183	0.77984		706.697	-0.077969	0.02343	0.013408	0.0953834	0.736098	0.667798	0.055743	-0.171
120.399	0.0716452	-0.0477189	-0.0402557	-1.0377e-005	-3.48457e-005	2.3358e-005	0.149074	0.455183	0.77984		0.353349	-0.077969	0.02343	0.013408	0.0953841	0.736098	0.667798	0.0557424	-0.171
120.4	0.0716452	-0.0477189	-0.0402557	-1.06301e-005	-3.56956e-005	2.39277e-005	0.149074	0.455183	0.77984		0.353349	-0.077969	0.02343	0.013408	0.0953843	0.736098	0.667798	0.0557399	-0.171
120.404	0.0716452	-0.0477189	-0.0402557	-1.07613e-005	-3.61363e-005	2.42231e-005	0.149074	0.455183	0.77984		0.353349	-0.077969	0.02343	0.013408	0.0953843	0.736098	0.667798	0.0557399	-0.171
120.407	0.0716452	-0.0477189	-0.0402557	-1.08958e-005	-3.6588e-005	2.45259e-005	0.149074	0.455183	0.77984		0.353349	-0.077969	0.02343	0.013408	0.0953825	0.736098	0.667798	0.0557416	-0.171
120.408	0.0716452	-0.0477189	-0.0402557	-1.08958e-005	-3.6588e-005	2.45259e-005	0.149074	0.455183	0.77984		706.697	-0.077969	0.02343	0.013408	0.0953825	0.736098	0.667798	0.0557416	-0.171
120.409	0.0716452	-0.0477189	-0.0402557	-1.07613e-005	-3.61363e-005	2.42231e-005	0.149074	0.455183	0.77984		706.697	-0.077969	0.02343	0.013408	0.0953837	0.736098	0.667798	0.0557405	-0.171
120.41	0.0716455	-0.0477181	-0.0402562	1.07611e-005	3.61364e-005	-2.42231e-005	0.149074	0.455183	0.77984		0.353349	-0.077969	0.02343	0.013408	0.0953847	0.736098	0.667798	0.0557419	-0.171
120.411	0.0716455	-0.0477181	-0.0402562	1.07611e-005	3.61364e-005	-2.42231e-005	0.149074	0.455183	0.77984		706.697	-0.077969	0.02343	0.013408	0.0953847	0.736098	0.667798	0.0557419	-0.171
120.412	0.0716455	-0.0477181	-0.0402562	1.07611e-005	3.61364e-005	-2.42231e-005	0.149074	0.455183	0.77984		706.697	-0.077969	0.02343	0.013408	0.0953841	0.736098	0.667798	0.0557424	-0.171
120.413	0.0716455	-0.0477181	-0.0402562	1.0019e-005	3.36443e-005	-2.25525e-005	0.149074	0.455183	0.77984		0.353349	-0.077969	0.02343	0.013408	0.0953818	0.736098	0.667798	0.0557422	-0.171
120.414	0.0716455	-0.0477181	-0.0402562	1.0019e-005	3.36443e-005	-2.25525e-005	0.149074	0.455183	0.77984		706.697	-0.077969	0.02343	0.013408	0.0953818	0.736098	0.667798	0.0557422	-0.171
120.415	0.0716455	-0.0477181	-0.0402562	1.06299e-005	3.56958e-005	-2.39277e-005	0.149074	0.455183	0.77984		706.697	-0.077969	0.02343	0.013408	0.0953834	0.736098	0.667798	0.055743	-0.171
120.417	0.0716455	-0.0477181	-0.0402562	1.07611e-005	3.61364e-005	-2.42231e-005	0.149074	0.455183	0.77984		706.697	-0.077969	0.02343	0.013408	0.0953837	0.736098	0.667798	0.0557405	-0.171
120.419	0.0716455	-0.0477181	-0.0402562	1.08956e-005	3.65882e-005	-2.45259e-005	0.149074	0.455183	0.77984		0.353349	-0.077969	0.02343	0.013408	0.0953837	0.736098	0.667798	0.0557405	-0.171
120.421	0.0716455	-0.0477181	-0.0402562	1.08956e-005	3.65882e-005	-2.45259e-005	0.149074	0.455183	0.77984		0.353349	-0.077969	0.02343	0.013408	0.0953843	0.736098	0.667798	0.0557399	-0.171
120.422	0.0716455	-0.0477181	-0.0402562	1.05018e-005	3.52657e-005	-2.36394e-005	0.149074	0.455183	0.77984		0.353349	-0.077969	0.02343	0.013408	0.0953843	0.736098	0.667798	0.0557399	-0.171
120.423	0.0716455	-0.0477181	-0.0402562	1.05018e-005	3.52657e-005	-2.36394e-005	0.149074	0.455183	0.77984		706.697	-0.077969	0.02343	0.013408	0.0953825	0.736098	0.667798	0.0557416	-0.171
120.424	0.0716455	-0.0477181	-0.0402562	1.08956e-005	3.65882e-005	-2.45259e-005	0.149074	0.455183	0.77984		0.353349	-0.077969	0.02343	0.013408	0.0953841	0.736098	0.667798	0.0557424	-0.171
120.425	0.0716455	-0.0477181	-0.0402562	1.07611e-005	3.61364e-005	-2.42231e-005	0.149074	0.455183	0.77984		0.353349	-0.077969	0.02343	0.013408	0.0953841	0.736098	0.667798	0.0557424	-0.171
120.426	0.0716455	-0.0477181	-0.0402562	1.07611e-005	3.61364e-005	-2.42231e-005	0.149074	0.455183	0.77984		706.697	-0.077969	0.02343	0.013408	0.0953843	0.736098	0.667798	0.0557399	-0.171
120.427	0.0716455	-0.0477181	-0.0402562	1.08956e-005	3.65882e-005	-2.45259e-005	0.149074	0.455183	0.77984		0.353349	-0.077969	0.02343	0.013408	0.0953841	0.736098	0.667798	0.0557424	-0.171
120.43	0.0716455	-0.0477181	-0.0402562	1.07611e-005	3.61364e-005	-2.42231e-005	0.149074	0.455183	0.77984		706.697	-0.077969	0.02343	0.013408	0.0953825	0.736098	0.667798	0.0557416	-0.171
120.432	0.0716452	-0.0477189	-0.0402557	-1.07613e-005	-3.61363e-005	2.42231e-005	0.149074	0.455183	0.77984		0.353349	-0.077969	0.02343	0.013408	0.0953834	0.736098	0.667798	0.055743	-0.171
120.433	0.0716452	-0.0477189	-0.0402557	-1.07613e-005	-3.61363e-005	2.42231e-005	0.149074	0.455183	0.77984		0.353349	-0.077969	0.02343	0.013408	0.0953841	0.736098	0.667798	0.0557424	-0.171
120.434	0.0716452	-0.0477189	-0.0402557	-1.07613e-005	-3.61363e-005	2.42231e-005	0.149074	0.455183	0.77984		706.697	-0.077969	0.02343	0.013408	0.0953841	0.736098	0.667798	0.0557424	-0.171
120.435	0.0716452	-0.0477189	-0.0402557	-1.06301e-005	-3.56956e-005	2.39277e-005	0.149074	0.455183	0.77984		0.353349	-0.077969	0.02343	0.013408	0.0953841	0.736098	0.667798	0.0557424	-0.171
120.436	0.0716452	-0.0477189	-0.0402557	-1.06301e-005	-3.56956e-005	2.39277e-005	0.149074	0.455183	0.77984		706.697	-0.077969	0.02343	0.013408	0.0953841	0.736098	0.667798	0.0557424	-0.171
120.437	0.0716452	-0.0477189	-0.0402557	-1.08958e-005	-3.6588e-005	2.45259e-005	0.149074	0.455183	0.77984		706.697	-0.077969	0.02343	0.013408	0.0953818	0.736098	0.667798	0.0557422	-0.171
120.438	0.0716452	-0.0477189	-0.0402557	-1.01357e-005	-3.40353e-005	2.28148e-005	0.149074	0.455183	0.77984		0.353349	-0.077969	0.02343	0.013408	0.0953834	0.736098	0.667798	0.055743	-0.171
120.439	0.0716452	-0.0477189	-0.0402557	-1.01357e-005	-3.40353e-005	2.28148e-005	0.149074	0.455183	0.77984		706.697	-0.077969	0.02343	0.013408	0.0953834	0.736098	0.667798	0.055743	-0.171
120.44	0.0716452	-0.0477189	-0.0402557	-1.08958e-005	-3.6588e-005	2.45259e-005	0.149074	0.455183	0.77984		706.697	-0.077969	0.02343	0.013408	0.0953837	0.736098	0.667798	0.0557405	-0.171
120.444	0.0716452	-0.0477189	-0.0402557	-1.02549e-005	-3.44358e-005	2.30832e-005	0.149074	0.455183	0.77984		706.697	-0.077969	0.02343	0.013408	0.0953843	0.736098	0.667798	0.0557399	-0.171
120.446	0.0716452	-0.0477189	-0.0402557	-1.06301e-005	-3.56956e-005	2.39277e-005	0.149074	0.455183	0.77984		0.353349	-0.077969	0.02343	0.013408	0.0953841	0.736098	0.667798	0.0557424	-0.171
120.447	0.0716452	-0.0477189	-0.0402557	-1.06301e-005	-3.56956e-005	0	0.149074	0.455183	0.77984		0.353349	-0.077969	0.02343	0.013408	0.0953841	0.736098	0.667798	0.0557424	-0.171
120.448	0.0716455	-0.0477181	-0.0402562	0	0	0	0.149074	0.455183	0.77984		706.697	-0.077969	0.02343	0.013408	0.0953818	0.736098	0.667798	0.0557422	-0.171
120.449	0.0716455	-0.0477181	-0.0402562	1.07611e-005	3.61364e-005	-2.42231e-005	0.149074	0.455183	0.77984		0.353349	-0.077969	0.02343	0.013408	0.0953843	0.736098	0.667798	0.0557399	-0.171
120.45	0.0716455	-0.0477181	-0.0402562	1.07611e-005	3.65882e-005	-2.45259e-005	0.149074	0.455183	0.77984		0.353349	-0.077969	0.02343	0.013408	0.0953843	0.736098	0.667798	0.0557399	-0.171
120.451	0.0716455	-0.0477181	-0.0402562	1.08956e-005	3.65882e-005	-2.45259e-005	0.149074	0.455183	0.77984		706.697	-0.077969	0.02343	0.013408	0.0953841	0.736098	0.667798	0.0557424	-0.171
120.452	0.0716455	-0.0477181	-0.0402562	1.06299e-005	3.56958e-005	-2.39277e-005	0.149074	0.455183	0.77984		0.353349	-0.077969	0.02343	0.013408	0.0953825	0.736098	0.667798	0.0557416	-0.171
120.453	0.0716455	-0.0477181	-0.0402562	1.06299e-005	3.56958e-005	-2.39277e-005	0.149074	0.455183	0.77984		0.353349	-0.077969	0.02343	0.013408	0.0953825	0.736098	0.667798	0.0557416	-0.171
120.454	0.0716455	-0.0477181	-0.0402562	1.07611e-005	3.61364e-005	-2.42231e-005	0.149074	0.455183	0.77984		706.697	-0.077969	0.02343	0.013408	0.0953834	0.736098	0.667798	0.055743	-0.171
120.457	0.0716455	-0.0477181	-0.0402562	1.03768e-005	3.48459e-005	-2.3358e-005	0.149074	0.455183	0.77984		706.697	-0.077969	0.02343	0.013408	0.0953841	0.736098	0.667798	0.0557424	-0.171
120.459	0.0716455	-0.0477181	-0.0402562	1.07611e-005	3.61364e-005	-2.42231e-005	0.149074	0.455183	0.77984		0.353349	-0.077969	0.02343	0.013408	0.0953841	0.736098	0.667798	0.0557424	-0.171
120.461	0.0716455	-0.0477181	-0.0402562	1.07611e-005	3.61364e-005	-2.42231e-005	0.149074	0.455183	0.77984		706.697	-0.077969	0.02343	0.013408	0.0953841	0.736098	0.667798	0.0557424	-0.171
120.462	0.0716455	-0.0477181	-0.0402562	1.07611e-005	3.61364e-005	-2.42231e-005	0.149074	0.455183	0.77984		0.353349	-0.077969	0.02343	0.013408	0.0953841	0.736098	0.667798	0.055743	-0.171
120.463	0.0716455	-0.0477181	-0.0402562	1.07611e-005	3.61364e-005	-2.42231e-005	0.149074	0.455183	0.77984		706.697	-0.077969	0.02343	0.013408	0.0953834	0.736098	0.667798	0.055743	-0.171
120.464	0.0716455	-0.0477181	-0.0402562	1.05018e-005	3.52657e-005	-2.36394e-005	0.149074	0.455183	0.77984		706.697	-0.077969	0.02343	0.013408	0.0953841	0.736098	0.667798	0.0557424	-0.171
120.465	0.0716455	-0.0477181	-0.0402562	1.07611e-005	3.61364e-005	-2.42231e-005	0.149074	0.455183	0.77984		0.353349	-0.077969	0.02343	0.013408	0.0953843	0.736098	0.667798	0.0557399	-0.171
120.466	0.0716455	-0.0477181	-0.0402562	1.07611e-005	3.61364e-005	-2.42231e-005	0.149074	0.455183	0.77984		706.697	-0.077969	0.02343	0.013408	0.0953843	0.736098	0.667798	0.0557399	-0.171
120.467	0.0716455	-0.0477181	-0.0402562	1.05018e-005	3.52657e-005	-2.36394e-005	0.149074	0.455183	0.77984		706.697	-0.077969	0.02343	0.013408	0.0953841	0.736098	0.667798	0.0557424	-0.171
120.468	0.0716455	-0.0477181	-0.0402562	0	0	0	0.149074	0.455183	0.77984		0.353349	-0.077969	0.02343	0.013408	0.0953825	0.736098	0.667798	0.0557416	-0.171
120.472	0.0716452	-0.0477189	-0.0402557	-1.07613e-005	-3.61363e-005	2.42231e-005	0.149074	0.455183	0.77984		0.353349	-0.077969	0.02343	0.013408	0.0953825	0.736098	0.667798	0.0557416	-0.171
120.474	0.0716452	-0.0477189	-0.0402557	-1.07613e-005	-3.61363e-005	2.42231e-005	0.149074	0.455183	0.77984		0.353349	-0.077969	0.02343	0.013408	0.0953841	0.736098	0.667798	0.0557424	-0.171
120.475	0.0716452	-0.0477189	-0.0402557	-1.07613e-005	-3.61363e-005	2.42231e-005	0.149074	0.455183	0.77984		706.697	-0.077969	0.02343	0.013408	0.0953841	0.736098	0.667798	0.0557424	-0.171
120.476	0.0716452	-0.0477189	-0.0402557	-1.06301e-005	-3.56956e-005	2.39277e-005	0.149074	0.455183	0.77984		706.697	-0.077969	0.02343	0.013408	0.0953841	0.736098	0.667798	0.0557424	-0.171
120.477	0.0716452	-0.0477189	-0.0402557	-1.07613e-005	-3.61363e-005	2.42231e-005	0.149074	0.455183	0.77984		0.353349	-0.077969	0.02343	0.013408	0.0953818	0.736098	0.667798	0.0557422	-0.171
120.478	0.0716452	-0.0477189	-0.0402557	-1.07613e-005	-3.61363e-005	2.42231e-005	0.149074	0.455183	0.77984		706.697	-0.077969	0.02343	0.013408	0.0953818	0.736098	0.667798	0.0557422	-0.171
120.479	0.0716452	-0.0477189	-0.0402557	-1.06301e-005	-3.56956e-005	2.39277e-005	0.149074	0.455183	0.77984		706.697	-0.077969	0.02343	0.013408	0.0953841	0.736098	0.667798	0.0557424	-0.171
120.48	0.0716452	-0.0477189	-0.0402557	-1.08958e-005	-3.6588e-005	2.45259e-005	0.149074	0.455183	0.77984		706.697	-0.077969	0.02343	0.013408	0.0953837	0.736098	0.667798	0.0557405	-0.171
120.481	0.0716452	-0.0477189	-0.0402557	-1.0502e-005	-3.52655e-005	2.36394e-005	0.149074	0.455183	0.77984		0.353349	-0.077969	0.02343	0.013408	0.0953837	0.736098	0.667798	0.0557405	-0.171
120.482	0.0716452	-0.0477189	-0.0402557	-1.0502e-005	-3.52655e-005	2.36394e-005	0.149074	0.455183	0.77984		706.697	-0.077969	0.02343	0.013408	0.0953847	0.736098	0.667798	0.0557419	-0.171
120.483	0.0716452	-0.0477189	-0.0402557	-1.07613e-005	-3.61363e-005	2.42231e-005	0.149074	0.455183	0.77984		706.697	-0.077969	0.02343	0.013408	0.0953841	0.736098	0.667798	0.0557424	-0.171
120.488	0.0716452	-0.0477189	-0.0402557	-1.07613e-005	-3.61363e-005	2.42231e-005	0.149074	0.455183	0.77984		706.697	-0.077969	0.02343	0.013408	0.0953818	0.736098	0.667798	0.0557422	-0.171
120.49	0.0716452	-0.0477189	-0.0402557	-1.07613e-005	-3.61363e-005	2.42231e-005	0.149074	0.455183	0.77984		0.353349	-0.077969	0.02343	0.013408	0.0953834	0.736098	0.667798	0.055743	-0.171
120.491	0.0716452	-0.0477189	-0.0402557	-1.07613e-005	-3.61363e-005	2.42231e-005	0.149074	0.455183	0.77984		706.697	-0.077969	0.02343	0.013408	0.0953834	0.736098	0.667798	0.055743	-0.171
120.492	0.0716452	-0.0477189	-0.0402557	0	0	0	0.149074	0.455183	0.77984		0.353349	-0.077969	0.02343	0.013408	0.0953843	0.736098	0.667798	0.0557399	-0.171
120.493	0.0716455	-0.0477181	-0.0402562	1.02547e-005	3.44359e-005	-2.30832e-005	0.149074	0.455183	0.77984		0.353349	-0.077969	0.02343	0.013408	0.0953843	0.736098	0.667798	0.0557399	-0.171
120.494	0.0716455	-0.0477181	-0.0402562	1.02547e-005	3.44359e-005	-2.30832e-005	0.149074	0.455183	0.77984		706.697	-0.077969	0.02343	0.013408	0.0953818	0.736098	0.667798	0.0557422	-0.171
120.495	0.0716455	-0.0477181	-0.0402562	1.07611e-005	3.61364e-005	-2.42231e-005	0.149074	0.455183	0.77984		0.353349	-0.077969	0.02343	0.013408	0.0953841	0.736098	0.667798	0.0557424	-0.171
120.496	0.0716455	-0.0477181	-0.0402562	1.06299e-005	3.56958e-005	-2.39277e-005	0.149074	0.455183	0.77984		0.353349	-0.077969	0.02343	0.013408	0.0953841	0.736098	0.667798	0.0557424	-0.171
120.497	0.0716455	-0.0477181	-0.0402562	1.06299e-005	3.56958e-005	-2.39277e-005	0.149074	0.455183	0.77984		706.697	-0.077969	0.02343	0.013408	0.0953837	0.736098	0.667798	0.0557405	-0.171
120.498	0.0716455	-0.0477181	-0.0402562	1.06299e-005	3.56958e-005	-2.39277e-005	0.149074	0.455183	0.77984		0.353349	-0.077969	0.02343	0.013408	0.0953847	0.736098	0.667798	0.0557419	-0.171
120.502	0.0716455	-0.0477181	-0.0402562	1.07611e-005	3.61364e-005	-2.42231e-005	0.149074	0.455183	0.77984		0.353349	-0.077969	0.02343	0.013408	0.0953847	0.736098	0.667798	0.0557424	-0.171
120.503	0.0716455	-0.0477181	-0.0402562	1.08956e-005	3.65882e-005	-2.45259e-005	0.149074	0.455183	0.77984		0.353349	-0.077969	0.02343	0.013408	0.0953818	0.736098	0.667798	0.0557422	-0.171
120.505	0.0716455	-0.0477181	-0.0402562	1.08956e-005	3.65882e-005	-2.45259e-005	0.149074	0.455183	0.77984		706.697	-0.077969	0.02343	0.013408	0.0953818	0.736098	0.667798	0.0557422	-0.171
120.506	0.0716455	-0.0477181	-0.0402562	1.08956e-005	3.65882e-005	-2.45259e-005	0.149074	0.455183	0.77984		0.353349	-0.077969	0.02343	0.013408	0.0953843	0.736098	0.667798	0.0557399	-0.171
120.507	0.0716455	-0.0477181	-0.0402562	1.08956e-005	3.65882e-005	-2.45259e-005	0.149074	0.455183	0.77984		706.697	-0.077969	0.02343	0.013408	0.0953843	0.736098	0.667798	0.0557399	-0.171
120.508	0.0716455	-0.0477181	-0.0402562	1.05018e-005	3.52657e-005	-2.36394e-005	0.149074	0.455183	0.77984		706.697	-0.077969	0.02343	0.013408	0.0953841	0.736098	0.667798	0.0557424	-0.171
120.509	0.0716455	-0.0477181	-0.0402562	1.08956e-005	3.65882e-005	-2.45259e-005	0.149074	0.455183	0.77984		0.353349	-0.077969	0.02343	0.013408	0.0953818	0.736098	0.667798	0.0557422	-0.171
120.51	0.0716455	-0.0477181	-0.0402562	1.08956e-005	3.65882e-005	-2.45259e-005	0.149074	0.455183	0.77984		706.697	-0.077969	0.02343	0.013408	0.0953818	0.736098	0.667798	0.0557422	-0.171
120.511	0.0716455	-0.0477181	-0.0402562	1.05018e-005	3.52657e-005	-2.36394e-005	0.149074	0.455183	0.77984		706.697	-0.077969	0.02343	0.013408	0.0953834	0.736098	0.667798	0.055743	-0.171
120.512	0.0716455	-0.0477181	-0.0402562	1.07611e-005	3.61364e-005	-2.42231e-005	0.149074	0.455183	0.77984		0.353349	-0.077969	0.02343	0.013408	0.0953837	0.736098	0.667798	0.0557405	-0.171
120.513	0.0716455	-0.0477181	-0.0402562	0	0	0	0.149074	0.455183	0.77984		0.353349	-0.077969	0.02343	0.013408	0.0953843	0.736098	0.667798	0.0557399	-0.171
120.515	0.0716455	-0.0477181	-0.0402562	0	0	0	0.149074	0.455183	0.77984		0.353349	-0.077969	0.02343	0.013408	0.0953843	0.736098	0.667798	0.0557399	-0.171
120.517	0.0716455	-0.0477181	-0.0402562	0	0	0	0.149074	0.455183	0.77984		706.697	-0.077969	0.02343	0.013408	0.0953841	0.736098	0.667798	0.0557424	-0.171
120.519	0.0716452	-0.0477189	-0.0402557	-1.07613e-005	-3.61363e-005	2.42231e-005	0.149074	0.455183	0.77984		0.353349	-0.077969	0.02343	0.013408	0.0953825	0.736098	0.667798	0.0557416	-0.171
120.52	0.0716452	-0.0477189	-0.0402557	-1.06301e-005	-3.56956e-005	2.39277e-005	0.149074	0.455183	0.77984		0.353349	-0.077969	0.02343	0.013408	0.0953825	0.736098	0.667798	0.0557416	-0.171
120.521	0.0716452	-0.0477189	-0.0402557	-1.06301e-005	-3.56956e-005	2.39277e-005	0.149074	0.455183	0.77984		706.697	-0.077969	0.02343	0.013408	0.0953841	0.736098	0.667798	0.0557424	-0.171
120.522	0.0716452	-0.0477189	-0.0402557	-1.08958e-005	-3.6588e-005	2.45259e-005	0.149074	0.455183	0.77984		0.353349	-0.077969	0.02343	0.013408	0.0953847	0.736098	0.667798	0.0557419	-0.171
120.523	0.0716452	-0.0477189	-0.0402557	-1.07613e-005	-3.61363e-005	2.42231e-005	0.149074	0.455183	0.77984		0.353349	-0.077969	0.02343	0.013408	0.0953847	0.736098	0.667798	0.0557419	-0.171
120.524	0.0716452	-0.0477189	-0.0402557	-1.07613e-005	-3.61363e-005	2.42231e-005	0.149074	0.455183	0.77984		706.697	-0.077969	0.02343	0.013408	0.0953825	0.736098	0.667798	0.0557416	-0.171
120.525	0.0716452	-0.0477189	-0.0402557	-1.0502e-005	-3.52655e-005	2.36394e-005	0.149074	0.455183	0.77984		0.353349	-0.077969	0.02343	0.013408	0.0953818	0.736098	0.667798	0.0557422	-0.171
120.527	0.0716452	-0.0477189	-0.0402557	-1.07613e-005	-3.61363e-005	2.42231e-005	0.149074	0.455183	0.77984		0.353349	-0.077969	0.02343	0.013408	0.0953841	0.736098	0.667798	0.0557424	-0.171
120.531	0.0716452	-0.0477189	-0.0402557	-1.07613e-005	-3.61363e-005	2.42231e-005	0.149074	0.455183	0.77984		0.353349	-0.077969	0.02343	0.013408	0.0953837	0.736098	0.667798	0.0557405	-0.171
120.532	0.0716452	-0.0477189	-0.0402557	-1.07613e-005	-3.61363e-005	2.42231e-005	0.149074	0.455183	0.77984		0.353349	-0.077969	0.02343	0.013408	0.0953847	0.736098	0.667798	0.0557419	-0.171
120.533	0.0716452	-0.0477189	-0.0402557	-1.07613e-005	-3.61363e-005	2.42231e-005	0.149074	0.455183	0.77984		706.697	-0.077969	0.02343	0.013408	0.0953847	0.736098	0.667798	0.0557419	-0.171
120.534	0.0716452	-0.0477189	-0.0402557	-1.06301e-005	-3.56956e-005	2.39277e-005	0.149074	0.455183	0.77984		706.697	-0.077969	0.02343	0.013408	0.0953834	0.736098	0.667798	0.055743	-0.171
120.535	0.0716452	-0.0477189	-0.0402557	-1.08958e-005	-3.6588e-005	2.45259e-005	0.149074	0.455183	0.77984		0.353349	-0.077969	0.02343	0.013408	0.0953841	0.736098	0.667798	0.0557424	-0.171
120.536	0.0716452	-0.0477189	-0.0402557	-1.08958e-005	-3.6588e-005	2.45259e-005	0.149074	0.455183	0.77984		706.697	-0.077969	0.02343	0.013408	0.0953841	0.736098	0.667798	0.0557424	-0.171
120.537	0.0716452	-0.0477189	-0.0402557	-1.0502e-005	-3.52655e-005	2.36394e-005	0.149074	0.455183	0.77984		706.697	-0.077969	0.02343	0.013408	0.0953843	0.736098	0.667798	0.0557399	-0.171
120.538	0.0716452	-0.0477189	-0.0402557	0	0	0	0.149074	0.455183	0.77984		0.353349	-0.077969	0.02343	0.013408	0.0953847	0.736098	0.667798	0.0557419	-0.171
120.539	0.0716452	-0.0477189	-0.0402557	0	0	0	0.149074	0.455183	0.77984		706.697	-0.077969	0.02343	0.013408	0.0953847	0.736098	0.667798	0.0557419	-0.171
120.54	0.0716452	-0.0477189	-0.0402557	0	0	0	0.149074	0.455183	0.77984		706.697	-0.077969	0.02343	0.013408	0.0953825	0.736098	0.667798	0.0557416	-0.171
120.542	0.0716452	-0.0477189	-0.0402557	0	0	0	0.149074	0.455183	0.77984		706.697	-0.077969	0.02343	0.013408	0.0953818	0.736098	0.667798	0.0557422	-0.171
120.545	0.0716455	-0.0477181	-0.0402562	1.07611e-005	3.61364e-005	-2.42231e-005	0.149074	0.455183	0.77984		0.353349	-0.077969	0.02343	0.013408	0.0953841	0.736098	0.667798	0.0557424	-0.171
120.547	0.0716455	-0.0477181	-0.0402562	1.07611e-005	3.61364e-005	-2.42231e-005	0.149074	0.455183	0.77984		706.697	-0.077969	0.02343	0.013408	0.0953837	0.736098	0.667798	0.0557405	-0.171
120.548	0.0716455	-0.0477181	-0.0402562	1.05018e-005	3.52657e-005	-2.36394e-005	0.149074	0.455183	0.77984		0.353349	-0.077969	0.02343	0.013408	0.0953837	0.736098	0.667798	0.0557416	-0.171
120.549	0.0716455	-0.0477181	-0.0402562	1.05018e-005	3.52657e-005	-2.36394e-005	0.149074	0.455183	0.77984		706.697	-0.077969	0.02343	0.013408	0.0953825	0.736098	0.667798	0.0557416	-0.171
120.55	0.0716455	-0.0477181	-0.0402562	1.06299e-005	3.56958e-005	-2.39277e-005	0.149074	0.455183	0.77984		706.697	-0.077969	0.02343	0.013408	0.0953834	0.736098	0.667798	0.055743	-0.171
120.551	0.0716455	-0.0477181	-0.0402562	1.07611e-005	3.61364e-005	-2.42231e-005	0.149074	0.455183	0.77984		0.353349	-0.077969	0.02343	0.013408	0.0953841	0.736098	0.667798	0.0557424	-0.171
120.552	0.0716455	-0.0477181	-0.0402562	1.07611e-005	3.61364e-005	-2.42231e-005	0.149074	0.455183	0.77984		706.697	-0.077969	0.02343	0.013408	0.0953841	0.736098	0.667798	0.0557424	-0.171
120.554	0.0716455	-0.0477181	-0.0402562	1.06299e-005	3.56958e-005	-2.42231e-005	0.149074	0.455183	0.77984		0.353349	-0.077969	0.02343	0.013408	0.0953843	0.736098	0.667798	0.0557399	-0.171
120.558	0.0716455	-0.0477181	-0.0402562	1.06299e-005	3.56958e-005	-2.39277e-005	0.149074	0.455183	0.77984		0.353349	-0.077969	0.02343	0.013408	0.0953847	0.736098	0.667798	0.0557419	-0.171
120.56	0.0716455	-0.0477181	-0.0402562	1.07611e-005	3.61364e-005	-2.42231e-005	0.149074	0.455183	0.77984		0.353349	-0.077969	0.02343	0.013408	0.0953834	0.736098	0.667798	0.055743	-0.171
120.561	0.0716455	-0.0477181	-0.0402562	1.07611e-005	3.61364e-005	-2.42231e-005	0.149074	0.455183	0.77984		706.697	-0.077969	0.02343	0.013408	0.0953834	0.736098	0.667798	0.055743	-0.171
120.562	0.0716455	-0.0477181	-0.0402562	1.06299e-005	3.56958e-005	-2.39277e-005	0.149074	0.455183	0.77984		706.697	-0.077969	0.02343	0.013408	0.0953843	0.736098	0.667798	0.0557399	-0.171
120.563	0.0716455	-0.0477181	-0.0402562	1.06299e-005	3.56958e-005	-2.39277e-005	0.149074	0.455183	0.77984		0.353349	-0.077969	0.02343	0.013408	0.0953843	0.736098	0.667798	0.0557424	-0.171
120.564	0.0716455	-0.0477181	-0.0402562	1.06299e-005	3.56958e-005	-2.39277e-005	0.149074	0.455183	0.77984		706.697	-0.077969	0.02343	0.013408	0.0953841	0.736098	0.667798	0.0557424	-0.171
120.565	0.0716452	-0.0477189	-0.0402557	-1.07613e-005	-3.61363e-005	2.42231e-005	0.149074	0.455183	0.77984		706.697	-0.077969	0.02343	0.013408	0.0953825	0.736098	0.667798	0.0557416	-0.171
120.566	0.0716452	-0.0477189	-0.0402557	-1.07613e-005	-3.61363e-005	2.42231e-005	0.149074	0.455183	0.77984		0.353349	-0.077969	0.02343	0.013408	0.0953834	0.736098	0.667798	0.055743	-0.171
120.567	0.0716452	-0.0477189	-0.0402557	-1.07613e-005	-3.61363e-005	2.42231e-005	0.149074	0.455183	0.77984		706.697	-0.077969	0.02343	0.013408	0.0953834	0.736098	0.667798	0.055743	-0.171
120.568	0.0716452	-0.0477189	-0.0402557	-1.06301e-005	-3.56956e-005	2.39277e-005	0.149074	0.455183	0.77984		0.353349	-0.077969	0.02343	0.013408	0.0953841	0.736098	0.667798	0.0557424	-0.171
120.57	0.0716452	-0.0477189	-0.0402557	-1.06301e-005	-3.56956e-005	2.39277e-005	0.149074	0.455183	0.77984		0.353349	-0.077969	0.02343	0.013408	0.0953841	0.736098	0.667798	0.0557399	-0.171
120.573	0.0716452	-0.0477189	-0.0402557	-1.06301e-005	-3.56956e-005	2.39277e-005	0.149074	0.455183	0.77984		0.353349	-0.077969	0.02343	0.013408	0.0953847	0.736098	0.667798	0.0557419	-0.171
120.574	0.0716452	-0.0477189	-0.0402557	-1.06301e-005	-3.56956e-005	2.39277e-005	0.149074	0.455183	0.77984		706.697	-0.077969	0.02343	0.013408	0.0953847	0.736098	0.667798	0.0557419	-0.171
120.575	0.0716452	-0.0477189	-0.0402557	-1.07613e-005	-3.61363e-005	2.42231e-005	0.149074	0.455183	0.77984		706.697	-0.077969	0.02343	0.013408	0.0953841	0.736098	0.667798	0.0557424	-0.171
120.576	0.0716452	-0.0477189	-0.0402557	-1.01357e-005	-3.40353e-005	2.28148e-005	0.149074	0.455183	0.77984		0.353349	-0.077969	0.02343	0.013408	0.0953837	0.736098	0.667798	0.0557405	-0.171
120.577	0.0716452	-0.0477189	-0.0402557	-1.01357e-005	-3.40353e-005	2.28148e-005	0.149074	0.455183	0.77984		706.697	-0.077969	0.02343	0.013408	0.0953837	0.736098	0.667798	0.0557405	-0.171
120.578	0.0716452	-0.0477189	-0.0402557	-1.06301e-005	-3.56956e-005	2.39277e-005	0.149074	0.455183	0.77984		706.697	-0.077969	0.02343	0.013408	0.0953847	0.736098	0.667798	0.0557419	-0.171
120.579	0.0716452	-0.0477189	-0.0402557	-1.07613e-005	-3.61363e-005	2.42231e-005	0.149074	0.455183	0.77984		0.353349	-0.077969	0.02343	0.013408	0.0953841	0.736098	0.667798	0.0557424	-0.171
120.58	0.0716452	-0.0477189	-0.0402557	-1.07613e-005	-3.61363e-005	2.42231e-005	0.149074	0.455183	0.77984		706.697	-0.077969	0.02343	0.013408	0.0953841	0.736098	0.667798	0.0557424	-0.171
120.582	0.0716452	-0.0477189	-0.0402557	-1.0502e-005	-3.52655e-005	2.36394e-005	0.149074	0.455183	0.77984		706.697	-0.077969	0.02343	0.013408	0.0953818	0.736098	0.667798	0.0557422	-0.171
120.585	0.0716452	-0.0477189	-0.0402557	-1.06301e-005	-3.56956e-005	2.39277e-005	0.149074	0.455183	0.77984		706.697	-0.077969	0.02343	0.013408	0.0953834	0.736098	0.667798	0.055743	-0.171
120.588	0.0716455	-0.0477181	-0.0402562	1.07611e-005	3.61364e-005	-2.42231e-005	0.149074	0.455183	0.77984		0.353349	-0.077969	0.02343	0.013408	0.0953837	0.736098	0.667798	0.0557405	-0.171
120.589	0.0716455	-0.0477181	-0.0402562	1.03768e-005	3.48459e-005	-2.3358e-005	0.149074	0.455183	0.77984		0.353349	-0.077969	0.02343	0.013408	0.0953837	0.736098	0.667798	0.0557405	-0.171
120.59	0.0716455	-0.0477181	-0.0402562	1.03768e-005	3.48459e-005	-2.3358e-005	0.149074	0.455183	0.77984		706.697	-0.077969	0.02343	0.013408	0.0953847	0.736098	0.667798	0.0557419	-0.171
120.591	0.0716455	-0.0477181	-0.0402562	1.07611e-005	3.61364e-005	-2.42231e-005	0.149074	0.455183	0.77984		0.353349	-0.077969	0.02343	0.013408	0.0953834	0.736098	0.667798	0.055743	-0.171
120.592	0.0716455	-0.0477181	-0.0402562	1.07611e-005	3.61364e-005	-2.42231e-005	0.149074	0.455183	0.77984		0.353349	-0.077969	0.02343	0.013408	0.0953834	0.736098	0.667798	0.055743	-0.171
120.593	0.0716455	-0.0477181	-0.0402562	1.07611e-005	3.61364e-005	-2.42231e-005	0.149074	0.455183	0.77984		706.697	-0.077969	0.02343	0.013408	0.0953837	0.736098	0.667798	0.0557405	-0.171
120.594	0.0716455	-0.0477181	-0.0402562	1.07611e-005	3.61364e-005	-2.42231e-005	0.149074	0.455183	0.77984		0.353349	-0.077969	0.02343	0.013408	0.0953843	0.736098	0.667798	0.0557399	-0.171
120.595	0.0716455	-0.0477181	-0.0402562	1.08956e-005	3.65882e-005	-2.45259e-005	0.149074	0.455183	0.77984		0.353349	-0.077969	0.02343	0.013408	0.0953841	0.736098	0.667798	0.0557424	-0.171
120.599	0.0716455	-0.0477181	-0.0402562	1.06299e-005	3.56958e-005	-2.39277e-005	0.149074	0.455183	0.77984		0.353349	-0.077969	0.02343	0.013408	0.0953825	0.736098	0.667798	0.0557416	-0.171
120.601	0.0716455	-0.0477181	-0.0402562	1.06299e-005	3.56958e-005	-2.39277e-005	0.149074	0.455183	0.77984		0.353349	-0.077969	0.02343	0.013408	0.0953834	0.736098	0.667798	0.055743	-0.171
120.602	0.0716455	-0.0477181	-0.0402562	1.06299e-005	3.56958e-005	-2.39277e-005	0.149074	0.455183	0.77984		706.697	-0.077969	0.02343	0.013408	0.0953834	0.736098	0.667798	0.055743	-0.171
120.603	0.0716455	-0.0477181	-0.0402562	1.07611e-005	3.61364e-005	-2.42231e-005	0.149074	0.455183	0.77984		706.697	-0.077969	0.02343	0.013408	0.0953847	0.736098	0.667798	0.0557419	-0.171
120.604	0.0716455	-0.0477181	-0.0402562	1.08956e-005	3.65882e-005	-2.45259e-005	0.149074	0.455183	0.77984		0.353349	-0.077969	0.02343	0.013408	0.0953825	0.736098	0.667798	0.0557416	-0.171
120.605	0.0716455	-0.0477181	-0.0402562	1.08956e-005	3.65882e-005	-2.45259e-005	0.149074	0.455183	0.77984		706.697	-0.077969	0.02343	0.013408	0.0953825	0.736098	0.667798	0.0557416	-0.171
120.606	0.0716455	-0.0477181	-0.0402562	0	0	0	0.149074	0.455183	0.77984		706.697	-0.077969	0.02343	0.013408	0.0953818	0.736098	0.667798	0.0557422	-0.171
120.607	0.0716455	-0.0477181	-0.0402562	0	0	0	0.149074	0.455183	0.77984		0.353349	-0.077969	0.02343	0.013408	0.0953841	0.736098	0.667798	0.0557424	-0.171
120.608	0.0716455	-0.0477181	-0.0402562	0	0	0	0.149074	0.455183	0.77984		706.697	-0.077969	0.02343	0.013408	0.0953841	0.736098	0.667798	0.0557424	-0.171
120.609	0.0716455	-0.0477181	-0.0402562	0	0	0	0.149074	0.455183	0.77984		706.697	-0.077969	0.02343	0.013408	0.0953837	0.736098	0.667798	0.0557405	-0.171
120.61	0.0716455	-0.0477181	-0.0402562	0	0	0	0.149074	0.455183	0.77984		0.353349	-0.077969	0.02343	0.013408	0.0953847	0.736098	0.667798	0.0557419	-0.171
120.613	0.0716455	-0.0477181	-0.0402562	0	0	0	0.149074	0.455183	0.77984		0.353349	-0.077969	0.02343	0.013408	0.0953847	0.736098	0.667798	0.0557419	-0.171
120.615	0.0716455	-0.0477181	-0.0402562	0	0	0	0.149074	0.455183	0.77984		0.353349	-0.077969	0.02343	0.013408	0.0953818	0.736098	0.667798	0.0557422	-0.171
120.616	0.0716455	-0.0477181	-0.0402562	0	0	0	0.149074	0.455183	0.77984		706.697	-0.077969	0.02343	0.013408	0.0953818	0.736098	0.667798	0.0557422	-0.171
120.617	0.0716455	-0.0477181	-0.0402562	0	0	0	0.149074	0.455183	0.77984		706.697	-0.077969	0.02343	0.013408	0.0953843	0.736098	0.667798	0.0557399	-0.171
120.618	0.0716455	-0.0477181	-0.0402562	0	0	0	0.149074	0.455183	0.77984		0.353349	-0.077969	0.02343	0.013408	0.0953843	0.736098	0.667798	0.0557399	-0.171
120.619	0.0716455	-0.0477181	-0.0402562	0	0	0	0.149074	0.455183	0.77984		706.697	-0.077969	0.02343	0.013408	0.0953847	0.736098	0.667798	0.0557419	-0.171
120.62	0.0716452	-0.0477189	-0.0402557	-1.0502e-005	-3.52655e-005	2.36394e-005	0.149074	0.455183	0.77984		706.697	-0.077969	0.02343	0.013408	0.0953825	0.736098	0.667798	0.0557416	-0.171
120.621	0.0716452	-0.0477189	-0.0402557	-1.06301e-005	-3.56956e-005	2.39277e-005	0.149074	0.455183	0.77984		0.353349	-0.077969	0.02343	0.013408	0.0953818	0.736098	0.667798	0.0557422	-0.171
120.623	0.0716452	-0.0477189	-0.0402557	-1.07613e-005	-3.61363e-005	2.42231e-005	0.149074	0.455183	0.77984		0.353349	-0.077969	0.02343	0.013408	0.0953841	0.736098	0.667798	0.0557424	-0.171
120.626	0.0716452	-0.0477189	-0.0402557	-1.07613e-005	-3.61363e-005	2.42231e-005	0.149074	0.455183	0.77984		0.353349	-0.077969	0.02343	0.013408	0.0953841	0.736098	0.667798	0.0557424	-0.171
120.628	0.0716452	-0.0477189	-0.0402557	-1.07613e-005	-3.61363e-005	2.42231e-005	0.149074	0.455183	0.77984		0.353349	-0.077969	0.02343	0.013408	0.0953837	0.736098	0.667798	0.0557405	-0.171
120.629	0.0716452	-0.0477189	-0.0402557	-1.07613e-005	-3.61363e-005	2.42231e-005	0.149074	0.455183	0.77984		0.353349	-0.077969	0.02343	0.013408	0.0953837	0.736098	0.667798	0.0557405	-0.171
120.63	0.0716452	-0.0477189	-0.0402557	-1.07613e-005	-3.61363e-005	2.42231e-005	0.149074	0.455183	0.77984		706.697	-0.077969	0.02343	0.013408	0.0953841	0.736098	0.667798	0.0557424	-0.171
120.631	0.0716452	-0.0477189	-0.0402557	-1.07613e-005	-3.61363e-005	2.42231e-005	0.149074	0.455183	0.77984		0.353349	-0.077969	0.02343	0.013408	0.0953818	0.736098	0.667798	0.0557422	-0.171
120.632	0.0716452	-0.0477189	-0.0402557	-1.06301e-005	-3.56956e-005	2.39277e-005	0.149074	0.455183	0.77984		0.353349	-0.077969	0.02343	0.013408	0.0953818	0.736098	0.667798	0.0557422	-0.171
120.633	0.0716452	-0.0477189	-0.0402557	-1.06301e-005	-3.56956e-005	2.39277e-005	0.149074	0.455183	0.77984		706.697	-0.077969	0.02343	0.013408	0.0953837	0.736098	0.667798	0.0557405	-0.171
120.634	0.0716452	-0.0477189	-0.0402557	-1.07613e-005	-3.61363e-005	2.42231e-005	0.149074	0.455183	0.77984		0.353349	-0.077969	0.02343	0.013408	0.0953847	0.736098	0.667798	0.0557419	-0.171
120.635	0.0716452	-0.0477189	-0.0402557	-1.07613e-005	-3.61363e-005	2.42231e-005	0.149074	0.455183	0.77984		0.353349	-0.077969	0.02343	0.013408	0.0953847	0.736098	0.667798	0.0557419	-0.171
120.638	0.0716452	-0.0477189	-0.0402557	-1.07613e-005	-3.61363e-005	2.42231e-005	0.149074	0.455183	0.77984		706.697	-0.077969	0.02343	0.013408	0.0953841	0.736098	0.667798	0.0557424	-0.171
120.641	0.0716452	-0.0477189	-0.0402557	-1.07613e-005	-3.61363e-005	2.42231e-005	0.149074	0.455183	0.77984		706.697	-0.077969	0.02343	0.013408	0.0953818	0.736098	0.667798	0.0557422	-0.171
120.643	0.0716452	-0.0477189	-0.0402557	0	0	0	0.149074	0.455183	0.77984		706.697	-0.077969	0.02343	0.013408	0.0953841	0.736098	0.667798	0.0557424	-0.171
120.644	0.0716452	-0.0477189	-0.0402557	0	0	0	0.149074	0.455183	0.77984		0.353349	-0.077969	0.02343	0.013408	0.0953841	0.736098	0.667798	0.0557424	-0.171
120.645	0.0716452	-0.0477189	-0.0402557	0	0	0	0.149074	0.455183	0.77984		706.697	-0.077969	0.02343	0.013408	0.0953841	0.736098	0.667798	0.0557424	-0.171
120.646	0.0716452	-0.0477189	-0.0402557	0	0	0	0.149074	0.455183	0.77984		706.697	-0.077969	0.02343	0.013408	0.0953818	0.736098	0.667798	0.0557422	-0.171
120.647	0.0716452	-0.0477189	-0.0402557	0	0	0	0.149074	0.455183	0.77984		0.353349	-0.077969	0.02343	0.013408	0.0953841	0.736098	0.667798	0.0557424	-0.171
120.648	0.0716452	-0.0477189	-0.0402557	0	0	0	0.149074	0.455183	0.77984		706.697	-0.077969	0.02343	0.013408	0.0953841	0.736098	0.667798	0.0557424	-0.171
120.649	0.0716452	-0.0477189	-0.0402557	0	0	0	0.149074	0.455183	0.77984		706.697	-0.077969	0.02343	0.013408	0.0953837	0.736098	0.667798	0.0557405	-0.171
120.65	0.0716452	-0.0477189	-0.0402557	0	0	0	0.149074	0.455183	0.77984		0.353349	-0.077969	0.02343	0.013408	0.0953847	0.736098	0.667798	0.0557419	-0.171
120.652	0.0716452	-0.0477189	-0.0402557	0	0	0	0.149074	0.455183	0.77984		706.697	-0.077969	0.02343	0.013408	0.0953847	0.736098	0.667798	0.0557419	-0.171
120.655	0.0716452	-0.0477189	-0.0402557	0	0	0	0.149074	0.455183	0.77984		0.353349	-0.077969	0.02343	0.013408	0.0953841	0.736098	0.667798	0.0557424	-0.171
120.657	0.0716452	-0.0477189	-0.0402557	0	0	0	0.149074	0.455183	0.77984		0.353349	-0.077969	0.02343	0.013408	0.0953818	0.736098	0.667798	0.0557422	-0.171
120.658	0.0716452	-0.0477189	-0.0402557	0	0	0	0.149074	0.455183	0.77984		706.697	-0.077969	0.02343	0.013408	0.0953818	0.736098	0.667798	0.0557422	-0.171
120.659	0.0716452	-0.0477189	-0.0402557	0	0	0	0.149074	0.455183	0.77984		706.697	-0.077969	0.02343	0.013408	0.0953847	0.736098	0.667798	0.0557419	-0.171
120.66	0.0716452	-0.0477189	-0.0402557	0	0	0	0.149074	0.455183	0.77984		0.353349	-0.077969	0.02343	0.013408	0.0953825	0.736098	0.667798	0.0557416	-0.171
120.661	0.0716452	-0.0477189	-0.0402557	0	0	0	0.149074	0.455183	0.77984		706.697	-0.077969	0.02343	0.013408	0.0953825	0.736098	0.667798	0.0557416	-0.171
120.662	0.0716452	-0.0477189	-0.0402557	0	0	0	0.149074	0.455183	0.77984		706.697	-0.077969	0.02343	0.013408	0.0953818	0.736098	0.667798	0.0557422	-0.171
120.663	0.0716452	-0.0477189	-0.0402557	0	0	0	0.149074	0.455183	0.77984		0.353349	-0.077969	0.02343	0.013408	0.0953841	0.736098	0.667798	0.0557424	-0.171
120.664	0.0716452	-0.0477189	-0.0402557	0	0	0	0.149074	0.455183	0.77984		706.697	-0.077969	0.02343	0.013408	0.0953841	0.736098	0.667798	0.0557424	-0.171
120.665	0.0716452	-0.0477189	-0.0402557	0	0	0	0.149074	0.455183	0.77984		706.697	-0.077969	0.02343	0.013408	0.0953837	0.736098	0.667798	0.0557405	-0.171
120.666	0.0716452	-0.0477189	-0.0402557	0	0	0	0.149074	0.455183	0.77984		0.353349	-0.077969	0.02343	0.013408	0.0953847	0.736098	0.667798	0.0557419	-0.171
120.67	0.0716455	-0.0477181	-0.0402562	1.06299e-005	3.56958e-005	-2.39277e-005	0.149074	0.455183	0.77984		0.353349	-0.077969	0.02343	0.013408	0.0953841	0.736098	0.667798	0.0557424	-0.171
120.672	0.0716455	-0.0477181	-0.0402562	1.02547e-005	3.44359e-005	-2.30832e-005	0.149074	0.455183	0.77984		0.353349	-0.077969	0.02343	0.013408	0.0953818	0.736098	0.667798	0.0557422	-0.171
120.673	0.0716455	-0.0477181	-0.0402562	1.02547e-005	3.44359e-005	-2.30832e-005	0.149074	0.455183	0.77984		706.697	-0.077969	0.02343	0.013408	0.0953818	0.736098	0.667798	0.0557422	-0.171
120.674	0.0716455	-0.0477181	-0.0402562	1.03768e-005	3.48459e-005	-2.3358e-005	0.149074	0.455183	0.77984		706.697	-0.077969	0.02343	0.013408	0.0953843	0.736098	0.667798	0.0557399	-0.171
120.675	0.0716455	-0.0477181	-0.0402562	1.06299e-005	3.56958e-005	-2.39277e-005	0.149074	0.455183	0.77984		0.353349	-0.077969	0.02343	0.013408	0.0953841	0.736098	0.667798	0.0557424	-0.171
120.676	0.0716455	-0.0477181	-0.0402562	1.06299e-005	3.56958e-005	-2.39277e-005	0.149074	0.455183	0.77984		706.697	-0.077969	0.02343	0.013408	0.0953841	0.736098	0.667798	0.0557424	-0.171
120.677	0.0716455	-0.0477181	-0.0402562	1.07611e-005	3.61364e-005	-2.42231e-005	0.149074	0.455183	0.77984		706.697	-0.077969	0.02343	0.013408	0.0953818	0.736098	0.667798	0.0557422	-0.171
120.678	0.0716455	-0.0477181	-0.0402562	1.08956e-005	3.65882e-005	-2.45259e-005	0.149074	0.455183	0.77984		0.353349	-0.077969	0.02343	0.013408	0.0953834	0.736098	0.667798	0.055743	-0.171
120.679	0.0716455	-0.0477181	-0.0402562	1.08956e-005	3.65882e-005	-2.45259e-005	0.149074	0.455183	0.77984		706.697	-0.077969	0.02343	0.013408	0.0953834	0.736098	0.667798	0.055743	-0.171
120.68	0.0716455	-0.0477181	-0.0402562	1.07611e-005	3.61364e-005	-2.42231e-005	0.149074	0.455183	0.77984		706.697	-0.077969	0.02343	0.013408	0.0953837	0.736098	0.667798	0.0557405	-0.171
120.684	0.0716455	-0.0477181	-0.0402562	1.07611e-005	3.61364e-005	-2.42231e-005	0.149074	0.455183	0.77984		706.697	-0.077969	0.02343	0.013408	0.0953843	0.736098	0.667798	0.0557399	-0.171
120.686	0.0716455	-0.0477181	-0.0402562	1.07611e-005	3.61364e-005	-2.42231e-005	0.149074	0.455183	0.77984		0.353349	-0.077969	0.02343	0.013408	0.0953841	0.736098	0.667798	0.0557424	-0.171
120.687	0.0716455	-0.0477181	-0.0402562	1.07611e-005	3.61364e-005	-2.42231e-005	0.149074	0.455183	0.77984		706.697	-0.077969	0.02343	0.013408	0.0953841	0.736098	0.667798	0.0557424	-0.171
120.688	0.0716455	-0.0477181	-0.0402562	0	0	0	0.149074	0.455183	0.77984		706.697	-0.077969	0.02343	0.013408	0.0953818	0.736098	0.667798	0.0557422	-0.171
120.689	0.0716455	-0.0477181	-0.0402562	0	0	0	0.149074	0.455183	0.77984		0.353349	-0.077969	0.02343	0.013408	0.0953843	0.736098	0.667798	0.0557399	-0.171
120.69	0.0716455	-0.0477181	-0.0402562	0	0	0	0.149074	0.455183	0.77984		706.697	-0.077969	0.02343	0.013408	0.0953843	0.736098	0.667798	0.0557399	-0.171
120.691	0.0716455	-0.0477181	-0.0402562	0	0	0	0.149074	0.455183	0.77984		706.697	-0.077969	0.02343	0.013408	0.0953841	0.736098	0.667798	0.0557424	-0.171
120.692	0.0716452	-0.0477189	-0.0402557	-1.08958e-005	-3.6588e-005	2.45259e-005	0.149074	0.455183	0.77984		0.353349	-0.077969	0.02343	0.013408	0.0953825	0.736098	0.667798	0.0557416	-0.171
120.693	0.0716452	-0.0477189	-0.0402557	-1.08958e-005	-3.6588e-005	2.45259e-005	0.149074	0.455183	0.77984		706.697	-0.077969	0.02343	0.013408	0.0953825	0.736098	0.667798	0.0557416	-0.171
120.694	0.0716452	-0.0477189	-0.0402557	-1.02549e-005	-3.44358e-005	2.30832e-005	0.149074	0.455183	0.77984		0.353349	-0.077969	0.02343	0.013408	0.0953834	0.736098	0.667798	0.055743	-0.171
120.697	0.0716452	-0.0477189	-0.0402557	-1.07613e-005	-3.61363e-005	2.42231e-005	0.149074	0.455183	0.77984		706.697	-0.077969	0.02343	0.013408	0.0953841	0.736098	0.667798	0.0557424	-0.171
120.699	0.0716452	-0.0477189	-0.0402557	-1.07613e-005	-3.61363e-005	2.45259e-005	0.149074	0.455183	0.77984		0.353349	-0.077969	0.02343	0.013408	0.0953843	0.736098	0.667798	0.0557399	-0.171
120.701	0.0716452	-0.0477189	-0.0402557	-1.08958e-005	-3.6588e-005	2.45259e-005	0.149074	0.455183	0.77984		706.697	-0.077969	0.02343	0.013408	0.0953847	0.736098	0.667798	0.0557419	-0.171
120.702	0.0716452	-0.0477189	-0.0402557	-1.06301e-005	-3.56956e-005	2.39277e-005	0.149074	0.455183	0.77984		0.353349	-0.077969	0.02343	0.013408	0.0953834	0.736098	0.667798	0.055743	-0.171
120.703	0.0716452	-0.0477189	-0.0402557	-1.06301e-005	-3.56956e-005	2.39277e-005	0.149074	0.455183	0.77984		706.697	-0.077969	0.02343	0.013408	0.0953834	0.736098	0.667798	0.055743	-0.171
120.704	0.0716452	-0.0477189	-0.0402557	-1.06301e-005	-3.56956e-005	2.39277e-005	0.149074	0.455183	0.77984		706.697	-0.077969	0.02343	0.013408	0.0953837	0.736098	0.667798	0.0557405	-0.171
120.705	0.0716452	-0.0477189	-0.0402557	-1.06301e-005	-3.56956e-005	2.39277e-005	0.149074	0.455183	0.77984		0.353349	-0.077969	0.02343	0.013408	0.0953843	0.736098	0.667798	0.0557399	-0.171
120.706	0.0716452	-0.0477189	-0.0402557	-1.06301e-005	-3.56956e-005	2.39277e-005	0.149074	0.455183	0.77984		706.697	-0.077969	0.02343	0.013408	0.0953843	0.736098	0.667798	0.0557399	-0.171
120.707	0.0716452	-0.0477189	-0.0402557	-1.06301e-005	-3.56956e-005	2.39277e-005	0.149074	0.455183	0.77984		706.697	-0.077969	0.02343	0.013408	0.0953841	0.736098	0.667798	0.0557424	-0.171
120.708	0.0716452	-0.0477189	-0.0402557	-1.06301e-005	-3.56956e-005	2.39277e-005	0.149074	0.455183	0.77984		0.353349	-0.077969	0.02343	0.013408	0.0953825	0.736098	0.667798	0.0557416	-0.171
120.712	0.0716455	-0.0477181	-0.0402562	0	0	0	0.149074	0.455183	0.77984		0.353349	-0.077969	0.02343	0.013408	0.0953834	0.736098	0.667798	0.055743	-0.171
120.714	0.0716455	-0.0477181	-0.0402562	1.06299e-005	3.56958e-005	-2.39277e-005	0.149074	0.455183	0.77984		0.353349	-0.077969	0.02343	0.013408	0.0953841	0.736098	0.667798	0.0557424	-0.171
120.715	0.0716455	-0.0477181	-0.0402562	1.06299e-005	3.56958e-005	-2.39277e-005	0.149074	0.455183	0.77984		706.697	-0.077969	0.02343	0.013408	0.0953841	0.736098	0.667798	0.0557424	-0.171
120.716	0.0716455	-0.0477181	-0.0402562	1.07611e-005	3.61364e-005	-2.42231e-005	0.149074	0.455183	0.77984		706.697	-0.077969	0.02343	0.013408	0.0953841	0.736098	0.667798	0.0557424	-0.171
120.717	0.0716455	-0.0477181	-0.0402562	1.05018e-005	3.52657e-005	-2.36394e-005	0.149074	0.455183	0.77984		0.353349	-0.077969	0.02343	0.013408	0.0953818	0.736098	0.667798	0.0557422	-0.171
120.718	0.0716455	-0.0477181	-0.0402562	1.05018e-005	3.52657e-005	-2.36394e-005	0.149074	0.455183	0.77984		706.697	-0.077969	0.02343	0.013408	0.0953818	0.736098	0.667798	0.0557422	-0.171
120.719	0.0716455	-0.0477181	-0.0402562	1.06299e-005	3.56958e-005	-2.39277e-005	0.149074	0.455183	0.77984		706.697	-0.077969	0.02343	0.013408	0.0953834	0.736098	0.667798	0.055743	-0.171
120.72	0.0716455	-0.0477181	-0.0402562	1.08956e-005	3.65882e-005	-2.45259e-005	0.149074	0.455183	0.77984		0.353349	-0.077969	0.02343	0.013408	0.0953837	0.736098	0.667798	0.0557405	-0.171
120.721	0.0716455	-0.0477181	-0.0402562	1.08956e-005	3.65882e-005	-2.45259e-005	0.149074	0.455183	0.77984		706.697	-0.077969	0.02343	0.013408	0.0953837	0.736098	0.667798	0.0557405	-0.171
120.722	0.0716455	-0.0477181	-0.0402562	1.07611e-005	3.61364e-005	-2.42231e-005	0.149074	0.455183	0.77984		0.353349	-0.077969	0.02343	0.013408	0.0953843	0.736098	0.667798	0.0557399	-0.171
120.726	0.0716455	-0.0477181	-0.0402562	1.06299e-005	3.56958e-005	-2.39277e-005	0.149074	0.455183	0.77984		0.353349	-0.077969	0.02343	0.013408	0.0953841	0.736098	0.667798	0.0557424	-0.171
120.728	0.0716455	-0.0477181	-0.0402562	1.07611e-005	3.61364e-005	-2.42231e-005	0.149074	0.455183	0.77984		0.353349	-0.077969	0.02343	0.013408	0.0953825	0.736098	0.667798	0.0557416	-0.171
120.739	0.0716452	-0.0477189	-0.0402557	-1.08958e-005	-3.6588e-005	2.45259e-005	0.149074	0.455183	0.77984		706.697	-0.077969	0.02343	0.013408	0.0953843	0.736098	0.667798	0.0557399	-0.171
120.74	0.0716452	-0.0477189	-0.0402557	-1.07613e-005	-3.61363e-005	2.42231e-005	0.149074	0.455183	0.77984		0.353349	-0.077969	0.02343	0.013408	0.0953825	0.736098	0.667798	0.0557416	-0.171
120.741	0.0716452	-0.0477189	-0.0402557	-1.08958e-005	-3.6588e-005	2.45259e-005	0.149074	0.455183	0.77984		0.353349	-0.077969	0.02343	0.013408	0.0953825	0.736098	0.667798	0.0557416	-0.171
120.742	0.0716452	-0.0477189	-0.0402557	-1.08958e-005	-3.6588e-005	2.45259e-005	0.149074	0.455183	0.77984		706.697	-0.077969	0.02343	0.013408	0.0953818	0.736098	0.667798	0.0557422	-0.171
120.743	0.0716452	-0.0477189	-0.0402557	-1.0502e-005	-3.52655e-005	2.36394e-005	0.149074	0.455183	0.77984		0.353349	-0.077969	0.02343	0.013408	0.0953841	0.736098	0.667798	0.0557424	-0.171
120.744	0.0716452	-0.0477189	-0.0402557	-1.07613e-005	-3.61363e-005	2.42231e-005	0.149074	0.455183	0.77984		0.353349	-0.077969	0.02343	0.013408	0.0953841	0.736098	0.667798	0.0557424	-0.171
